SUNo|GUNo|DenRatio|NLC|Slope|CL|A2
SU0003|GU9999|0.03|2.00|0.00|2.00|2713.78
SU0004|GU1001|0.06|1.00|2.00|1.00|1512.78
SU0012|GU9999|0.18|1.00|0.00|1.00|539.57
SU0022|GU0012|0.09|1.00|5.00|1.00|1058.16
SU0024|GU0016|0.05|2.00|3.00|2.00|1666.76
SU0025|GU0018|0.06|1.00|1.00|1.00|1572.53
SU0027|GU0019|0.12|1.00|4.00|1.00|776.71
SU0028|GU0020|0.19|1.00|4.00|1.00|512.79
SU0031|GU0023|0.32|3.00|3.00|3.00|310.32
SU0032|GU0316|0.03|1.00|5.00|1.00|2522.18
SU0033|GU0026|0.10|1.00|0.00|1.00|915.86
SU0036|GU0028|0.18|2.00|4.00|2.00|544.82
SU0037|GU0028|0.17|2.00|4.00|2.00|583.33
SU0041|GU0031|0.12|1.00|2.00|1.00|824.19
SU0043|GU0033|0.11|1.00|1.00|1.00|905.65
SU0044|GU0034|0.37|3.00|2.00|3.00|267.30
SU0045|GU0035|0.12|6.00|5.00|6.00|777.68
SU0046|GU0035|0.18|4.00|5.00|4.00|536.18
SU0049|GU0038|0.05|1.00|2.00|1.00|1828.77
SU0051|GU0040|0.14|2.00|1.00|2.00|688.80
SU0052|GU0041|0.07|2.00|1.00|2.00|1294.87
SU0054|GU0043|0.05|5.00|4.00|5.00|1670.21
SU0055|GU0044|0.05|2.00|19.00|2.00|1719.74
SU0060|GU0049|0.12|6.00|0.00|6.00|814.07
SU0063|GU0051|0.18|1.00|2.00|1.00|538.10
SU0066|GU0054|0.05|2.00|2.00|2.00|1917.02
SU0067|GU0055|0.10|2.00|1.00|2.00|915.73
SU0070|GU0058|0.07|1.00|2.00|1.00|1295.65
SU0081|GU0066|0.04|13.00|0.00|15.00|2065.34
SU0082|GU0067|0.04|2.00|5.00|3.00|1423.66
SU0084|GU0069|0.03|1.00|1.00|3.00|987.70
SU0085|GU0070|0.07|1.00|1.00|1.00|1362.85
SU0088|GU0007|0.05|1.00|2.00|1.00|1831.05
SU0092|GU0090|0.17|1.00|5.00|1.00|555.89
SU0094|GU0076|0.07|2.00|2.00|2.00|1263.42
SU0095|GU0076|0.07|1.00|2.00|1.00|1386.74
SU0096|GU0077||3.00|1.00|3.00|
SU0348|GU0336|1.39|4.00|4.00|4.00|71.25
SU0351|GU0336|0.61|1.00|4.00|1.00|161.88
SU0354|GU0338|0.04|1.00|15.00|1.00|2150.33
SU0357|GU0339|0.21|1.00|16.00|1.00|450.89
SU0360|GU0339|0.93|1.00|16.00|1.00|102.37
SU0364|GU0339|0.32|1.00|16.00|1.00|292.15
SU0602|GU0602|0.09|1.00|20.00|1.00|968.06
SU0605|GU0603|0.28|2.00|17.00|2.00|334.40
SU0614|GU0617|0.35|5.00|8.00|5.00|275.51
SU0615|GU0618|0.43|2.00|1.00|2.00|229.49
SU0616|GU0619|0.29|3.00|1.00|3.00|343.26
SU0618|GU0621|0.24|1.00|2.00|1.00|410.17
SU0619|GU0621|0.18|2.00|2.00|2.00|526.84
SU0621|GU0624|0.60|1.00|9.00|1.00|164.26
SU0622|GU0625|0.39|7.00|2.00|7.00|251.94
SU0623|GU0626|0.82|1.00|5.00|1.00|121.42
SU0625|GU0626|0.98|2.00|5.00|2.00|101.45
SU0626|GU0627|0.77|2.00|2.00|2.00|128.95
SU0627|GU0634|1.04|1.00|2.00|1.00|95.58
SU0629|GU0636|0.78|1.00|3.00|1.00|127.47
SU0630|GU0635|0.84|1.00|1.00|1.00|118.19
SU0631|GU1634|0.88|1.00|2.00|1.00|113.28
SU0633|GU0629|0.39|1.00|3.00|1.00|249.78
SU0635|GU0631|0.19|2.00|12.00|2.00|506.87
SU0639|GU0638|0.55|4.00|3.00|4.00|181.38
SU0659|GU0623|0.00|0.00|8.00|1.00|291.31
SU0660|GU0623|0.29|3.00|8.00|3.00|337.50
SU0661|GU0623|0.36|2.00|8.00|2.00|271.30
SU1002|GU1002|0.16|5.00|2.00|5.00|595.62
SU1003|GU1002|0.22|2.00|2.00|2.00|439.38
SU1004|GU1002|0.10|4.00|2.00|4.00|998.52
SU1006|GU1004|0.04|8.00|3.00|8.00|2372.81
SU1009|GU1007|0.08|1.00|1.00|1.00|1184.92
SU1015|GU1016|0.14|2.00|1.00|2.00|684.26
SU1016|GU1017|0.05|1.00|1.00|1.00|1782.38
SU1017|GU1018|0.11|1.00|1.00|1.00|862.70
SU1019|GU1022|0.09|1.00|1.00|1.00|1031.53
SU1022|GU1027|0.15|1.00|1.00|1.00|645.55
SU1023|GU1027|0.12|1.00|1.00|1.00|770.77
SU1024|GU1028|0.10|2.00|1.00|2.00|972.70
SU1025|GU1029|0.07|1.00|1.00|1.00|1405.07
SU1026|GU1030|0.10|1.00|2.00|1.00|954.73
SU1029|GU1023|0.21|1.00|1.00|1.00|466.78
SU1031|GU1023|0.21|1.00|1.00|1.00|459.71
SU1034|GU1036|0.16|1.00|1.00|1.00|622.46
SU1035|GU1036|0.24|4.00|1.00|3.00|541.16
SU1036|GU1036|0.14|2.00|1.00|2.00|683.25
SU1037|GU1037|0.17|2.00|1.00|2.00|586.44
SU1038|GU1038|0.22|3.00|1.00|3.00|441.06
SU1039|GU1038|0.20|2.00|1.00|2.00|496.62
SU1040|GU1039|0.11|1.00|1.00|1.00|854.74
SU1042|GU1041|0.17|4.00|1.00|4.00|571.20
SU1043|GU1041|0.16|5.00|1.00|5.00|604.87
SU1044|GU1042|0.09|2.00|1.00|2.00|1042.26
SU1047|GU1045|0.29|1.00|1.00|1.00|340.83
SU1048|GU1045|0.51|2.00|1.00|1.00|385.23
SU1049|GU1046|0.15|4.00|1.00|4.00|625.54
SU1053|GU1051|0.10|1.00|1.00|1.00|931.41
SU1054|GU1051|0.16|3.00|1.00|3.00|600.20
SU1055|GU1051|0.16|4.00|1.00|4.00|600.68
SU1057|GU1051|0.21|1.00|1.00|1.00|471.92
SU1058|GU1052|0.14|3.00|1.00|3.00|713.86
SU1059|GU1052|0.51|3.00|1.00|1.00|585.86
SU1060|GU1052|0.18|3.00|1.00|3.00|530.43
SU1061|GU1053|0.13|5.00|1.00|5.00|744.55
SU1062|GU1053|0.12|1.00|1.00|1.00|816.06
SU1063|GU1053|0.14|3.00|1.00|3.00|688.34
SU1064|GU1053|0.08|1.00|1.00|1.00|1162.54
SU1072|GU1058|0.27|3.00|2.00|2.00|544.44
SU1073|GU1058|0.14|1.00|2.00|1.00|678.31
SU1074|GU1059|0.14|4.00|2.00|4.00|710.47
SU1075|GU1059|0.09|2.00|2.00|2.00|1071.67
SU1076|GU1004|0.18|4.00|3.00|4.00|549.56
SU1077|GU1059|0.13|15.00|2.00|15.00|717.09
SU1078|GU1060|0.21|13.00|2.00|13.00|459.58
SU1093|GU1074|0.13|1.00|1.00|1.00|736.17
SU1094|GU1075|0.17|1.00|1.00|1.00|559.00
SU1098|GU0063|0.12|1.00|2.00|1.00|830.73
SU1099|GU9999||11.00|0.00|11.00|
SU1302|GU1301|0.04|2.00|3.00|2.00|2168.31
SU1303|GU1301|0.05|2.00|3.00|2.00|1858.80
SU1304|GU1001||1.00|2.00|1.00|
SU1305|GU1302|0.07|4.00|2.00|4.00|1384.03
SU1306|GU1302|0.03|7.00|2.00|7.00|2502.47
SU1307|GU1303|0.05|1.00|1.00|1.00|1827.22
SU1308|GU1304|0.08|3.00|1.00|3.00|1160.53
SU1309|GU1304|0.11|3.00|1.00|3.00|886.16
SU1316|GU1311|0.03|3.00|2.00|3.00|3275.18
SU1317|GU1010|0.18|2.00|1.00|2.00|552.62
SU1318|GU1010|0.10|2.00|1.00|2.00|924.20
SU1319|GU1010|0.18|1.00|1.00|1.00|527.86
SU1320|GU1011|0.08|1.00|1.00|1.00|1113.18
SU1321|GU1312|0.07|2.00|5.00|2.00|1318.48
SU1322|GU1313|0.04|3.00|2.00|3.00|2308.59
SU1326|GU1315|0.09|2.00|2.00|2.00|1087.39
SU1328|GU1317|0.03|4.00|10.00|4.00|3154.56
SU1329|GU1317|0.03|1.00|10.00|1.00|2907.00
SU1330|GU1318|0.04|7.00|5.00|7.00|2051.82
SU1344|GU1323|0.04|1.00|4.00|1.00|2085.40
SU1352|GU1324|0.06|2.00|5.00|2.00|1447.54
SU1372|GU1357|0.07|1.00|5.00|1.00|1340.02
SU1374|GU1359|1.38|1.00|2.00|1.00|72.07
SU1379|GU1364|0.06|1.00|20.00|1.00|1347.13
SU1380|GU1365|0.10|1.00|9.00|1.00|951.52
SU1381|GU1365|0.12|7.00|9.00|7.00|786.47
SU1382|GU1365|0.04|3.00|9.00|3.00|2200.44
SU1383|GU1365|0.13|2.00|9.00|2.00|726.98
SU1384|GU1366|0.06|1.00|4.00|1.00|1615.65
SU1601|GU1001||1.00|2.00|1.00|
SU1602|GU1601|0.07|2.00|3.00|2.00|1372.03
SU1604|GU1604|0.13|2.00|4.00|2.00|763.88
SU1605|GU1605|0.14|9.00|2.00|8.00|792.96
SU1607|GU1607|0.05|2.00|6.00|2.00|1971.00
SU1610|GU1613|0.11|1.00|5.00|1.00|869.72
SU1612|GU1618|0.06|2.00|2.00|2.00|1481.41
SU1613|GU1621|0.16|2.00|10.00|2.00|612.65
SU1623|GU1630|0.18|1.00|4.00|1.00|544.77
SU1624|GU1631|0.58|2.00|6.00|2.00|170.00
SU1625|GU1632|0.36|1.00|8.00|1.00|273.73
SU1626|GU1632|0.85|1.00|8.00|1.00|115.48
SU1627|GU1631|0.43|1.00|6.00|1.00|229.49
SU1629|GU1632|0.15|2.00|8.00|2.00|623.13
SU1630|GU1632|0.84|2.00|8.00|1.00|235.13
SU1631|GU1632|0.30|2.00|8.00|2.00|329.81
SU1632|GU1632|0.68|2.00|8.00|2.00|145.51
SU1633|GU1632|0.29|1.00|8.00|1.00|341.44
SU1634|GU1632|0.22|1.00|8.00|1.00|442.45
SU1638|GU1632|0.50|3.00|8.00|1.00|583.53
SU1639|GU1632|0.39|3.00|8.00|3.00|253.53
SU1640|GU1632|0.40|1.00|8.00|1.00|245.51
SU1642|GU1632|0.36|2.00|8.00|2.00|271.14
SU1646|GU1633|0.35|5.00|2.00|5.00|278.32
SU1647|GU1633|0.40|1.00|2.00|1.00|243.96
SU1648|GU1637|0.68|8.00|4.00|8.00|145.67
SU1649|GU1637|0.70|9.00|4.00|9.00|142.26
SU1650|GU1638|0.22|6.00|2.00|6.00|445.75
SU1651|GU1639|0.29|33.00|4.00|33.00|334.38
SU1652|GU1632|0.23|7.00|8.00|7.00|414.64
SU1653|GU1632|0.65|1.00|8.00|1.00|152.32
SU1654|GU1632|0.42|7.00|8.00|7.00|230.46
SU1655|GU1632|1.04|4.00|8.00|4.00|94.83
SU1656|GU1632|0.54|8.00|8.00|8.00|182.11
SU1657|GU1632|0.40|10.00|8.00|10.00|242.61
SU1658|GU1632|0.13|6.00|8.00|6.00|734.28
SU1659|GU1632|0.19|3.00|8.00|3.00|510.74
SU1660|GU1632|0.66|2.00|8.00|2.00|148.12
SU1661|GU1632|0.47|1.00|8.00|1.00|207.25
SU1662|GU1632|0.25|1.00|8.00|1.00|381.94
SU1666|GU1646|0.27|2.00|4.00|2.00|367.85
SU1667|GU1647|0.05|2.00|2.00|2.00|1856.68
SU1668|GU1648|0.09|5.00|2.00|5.00|1030.20
SU1669|GU1650|0.08|4.00|2.00|4.00|1235.59
SU1673|GU1654|0.26|3.00|4.00|3.00|381.73
SU1676|GU1656|0.10|9.00|4.00|9.00|988.01
SU1677|GU1657|0.10|29.00|4.00|29.00|942.35
SU1679|GU1659|0.08|1.00|2.00|1.00|1132.92
SU1680|GU1660|0.09|1.00|2.00|1.00|1071.66
SU1687|GU1664|0.33|1.00|3.00|1.00|295.32
SU1688|GU1665|0.57|2.00|3.00|2.00|173.12
SU1690|GU1667|0.50|15.00|3.00|15.00|199.48
SU1691|GU1667|0.49|15.00|3.00|15.00|200.01
SU1692|GU1667|0.18|8.00|3.00|8.00|529.47
SU1693|GU1667|0.20|5.00|3.00|5.00|497.52
SU1694|GU1667|0.87|6.00|3.00|6.00|113.95
SU1695|GU1667|0.22|12.00|3.00|12.00|436.12
SU1696|GU1670|0.52|1.00|4.00|1.00|188.31
SU1697|GU1671|0.17|16.00|2.00|16.00|566.50
SU1698|GU1671|0.24|2.00|2.00|2.00|413.27
SU1699|GU1672|0.35|5.00|6.00|4.00|346.47
SU1700|GU1673|0.31|3.00|2.00|3.00|312.44
SU1702|GU1672|0.26|1.00|6.00|1.00|376.60
SU1703|GU1674|0.19|1.00|4.00|1.00|521.11
SU1706|GU1676|0.21|2.00|2.00|2.00|467.40
SU1707|GU1677|0.25|3.00|2.00|3.00|388.78
SU1708|GU1678|0.31|6.00|3.00|6.00|314.18
SU1709|GU1641|0.44|2.00|3.00|2.00|225.86
SU1908|GU1908|0.11|4.00|3.00|4.00|880.25
SU1911|GU1911|0.07|2.00|2.00|2.00|1277.79
SU1913|GU1913|0.06|1.00|1.00|1.00|1537.97
SU1915|GU1916|0.06|2.00|3.00|2.00|1536.73
SU1920|GU1921|0.06|2.00|5.00|2.00|1479.25
SU2012|GU2102|0.10|1.00|12.00|1.00|891.07
SU2016|GU2013|0.06|4.00|1.00|4.00|1580.78
SU2017|GU2013|0.07|4.00|1.00|4.00|1422.50
SU2024|GU2024|0.14|1.00|5.00|1.00|691.29
SU2027|GU2027|0.15|1.00|1.00|1.00|660.54
SU2028|GU2028|0.21|12.00|0.00|8.00|689.65
SU2029|GU2029|0.32|9.00|0.00|7.00|394.63
SU2030|GU2031|0.16|3.00|1.00|3.00|590.56
SU2031|GU2032|0.12|3.00|1.00|3.00|805.99
SU2033|GU2036|0.20|1.00|1.00|1.00|483.98
SU2034|GU2036|0.12|11.00|1.00|11.00|815.20
SU2037|GU2039|0.09|5.00|3.00|5.00|1073.06
SU2042|GU2046|0.19|2.00|1.00|2.00|524.59
SU2050|GU2053|0.16|2.00|8.00|2.00|614.42
SU2052|GU2053|0.13|1.00|8.00|1.00|718.96
SU2053|GU2055|0.09|1.00|2.00|1.00|1026.47
SU2056|GU2057|0.11|4.00|1.00|4.00|853.93
SU2057|GU2058|0.12|1.00|1.00|1.00|778.44
SU2058|GU2059|0.07|1.00|3.00|1.00|1389.82
SU2064|GU2065|0.12|3.00|1.00|3.00|816.03
SU2066|GU2067|0.12|1.00|1.00|1.00|778.75
SU2068|GU2069|0.09|2.00|5.00|2.00|1082.29
SU2069|GU2070|0.11|4.00|8.00|4.00|832.60
SU2070|GU2070|0.10|3.00|8.00|3.00|921.51
SU2078|GU2033|0.10|1.00|1.00|1.00|948.14
SU2082|GU2084|0.47|1.00|6.00|1.00|209.77
SU2085|GU2085|0.09|3.00|10.00|3.00|1001.44
SU2096|GU2095|0.03|1.00|8.00|1.00|3035.19
SU2104|GU2103|0.13|6.00|5.00|6.00|725.99
SU2105|GU2104|0.07|1.00|8.00|1.00|1370.43
SU2117|GU2111|0.03|1.00|16.00|1.00|2491.74
SU2131|GU2119|0.26|2.00|3.00|2.00|371.47
SU2134|GU2119|0.08|2.00|3.00|2.00|1193.02
SU2135|GU2119|0.15|1.00|3.00|1.00|637.29
SU2138|GU2119|0.09|1.00|3.00|1.00|1014.26
SU2139|GU2118|0.19|1.00|5.00|1.00|500.59
SU2148|GU2125|0.10|1.00|12.00|1.00|964.38
SU2151|GU2128||1.00|5.00|1.00|
SU2172|GU2142|0.04|1.00|2.00|1.00|2094.73
SU2173|GU2142|0.04|1.00|2.00|1.00|2127.56
SU2174|GU2143|0.09|1.00|5.00|1.00|1016.81
SU2175|GU2143|0.06|1.00|5.00|1.00|1640.66
SU2176|GU2143|0.13|2.00|5.00|2.00|724.39
SU2177|GU2143|0.09|3.00|5.00|3.00|1055.18
SU2178|GU2143|0.09|1.00|5.00|1.00|1014.61
SU2180|GU2143|0.10|2.00|5.00|2.00|947.99
SU2182|GU2144|0.07|1.00|3.00|1.00|1305.29
SU2187|GU2147|0.37|29.00|8.00|8.00|953.89
SU2190|GU2149|0.08|1.00|10.00|1.00|1200.05
SU2384|GU2377|0.08|1.00|5.00|1.00|1133.11
SU2385|GU2378|0.09|5.00|5.00|5.00|1036.80
SU2386|GU2378|0.12|2.00|5.00|2.00|818.62
SU2387|GU2379|0.14|3.00|5.00|3.00|702.82
SU2388|GU2380|0.13|2.00|5.00|2.00|755.90
SU2389|GU2380|0.12|2.00|5.00|2.00|798.49
SU2390|GU2380|0.08|5.00|5.00|5.00|1153.39
SU2601|GU2601|0.35|25.00|1.00|25.00|280.93
SU2602|GU2602|0.28|2.00|1.00|2.00|356.61
SU2603|GU2602|0.50|2.00|1.00|2.00|196.54
SU2604|GU2602|0.62|2.00|1.00|2.00|160.76
SU2632|GU2655|0.50|2.00|1.00|2.00|199.25
SU2633|GU2659|0.18|1.00|4.00|1.00|540.06
SU2634|GU2660|0.15|1.00|3.00|1.00|643.10
SU2635|GU2662|0.14|1.00|1.00|1.00|704.22
SU2641|GU2668|0.50|1.00|2.00|1.00|197.68
SU2901|GU2901|0.06|5.00|16.00|5.00|1482.83
SU2904|GU2905|0.11|3.00|6.00|3.00|852.06
SU2906|GU2907|0.13|1.00|14.00|1.00|712.13
SU2909|GU2910|0.08|3.00|2.00|3.00|1182.72
SU2910|GU2911||1.00|2.00|1.00|
SU2911|GU2912|0.13|2.00|3.00|2.00|732.91
SU2913|GU2914|0.06|5.00|2.00|5.00|1605.05
SU2914|GU2915|0.11|5.00|2.00|5.00|880.20
SU2915|GU2916|0.10|9.00|1.00|9.00|990.30
SU2919|GU2920|0.24|11.00|8.00|11.00|410.69
SU2920|GU2921|0.20|1.00|25.00|1.00|434.71
SU2921|GU2922|0.16|3.00|30.00|3.00|529.85
SU2922|GU2923|0.23|2.00|25.00|2.00|378.85
SU2924|GU2925|0.14|1.00|6.00|1.00|705.35
SU2925|GU2926|0.25|2.00|0.00|2.00|389.63
SU2937|GU2940|0.12|1.00|0.00|1.00|778.38
SU2944|GU2947|0.08|9.00|1.00|7.00|1545.27
SU2945|GU2948|0.08|2.00|0.00|2.00|1241.40
SU2962|GU9999|0.05|5.00|0.00|5.00|1801.08
SU2964|GU0001|0.14|2.00|3.00|2.00|668.70
SU3006|GU3004|0.04|1.00|3.00|1.00|2069.86
SU3008|GU3048|0.14|1.00|5.00|1.00|684.61
SU3016|GU3056|0.06|1.00|2.00|1.00|1653.08
SU3018|GU3058|0.07|2.00|4.00|2.00|1291.28
SU3019|GU3059|0.06|1.00|5.00|1.00|1481.69
SU3023|GU3009|0.09|1.00|4.50|1.00|1086.35
SU3026|GU3012|0.06|7.00|12.50|7.00|1591.05
SU3027|GU3013|0.34|8.00|11.50|5.00|448.24
SU3028|GU3013|0.09|3.00|11.50|3.00|1039.52
SU3032|GU3061|0.10|2.00|5.00|2.00|939.08
SU3033|GU3040|0.15|3.00|0.50|2.00|963.95
SU3034|GU3016|0.11|3.00|2.00|3.00|876.48
SU3035|GU3016|0.03|1.00|2.00|1.00|2689.25
SU3036|GU3016|0.07|3.00|2.00|3.00|1413.80
SU3037|GU3016|0.07|6.00|2.00|6.00|1303.22
SU3038|GU3017|0.07|1.00|1.00|1.00|1312.45
SU3039|GU3017|0.05|2.00|1.00|2.00|1692.40
SU3044|GU3041|0.07|1.00|2.00|1.00|1301.86
SU3045|GU3041|0.05|4.00|2.00|4.00|1821.57
SU3046|GU3018|0.04|1.00|1.00|1.00|2399.01
SU3047|GU3023|0.03|3.00|6.00|3.00|2666.97
SU3048|GU3023|0.05|3.00|6.00|2.00|2806.83
SU3051|GU3025|0.03|1.00|8.50|1.00|2662.07
SU3053|GU3026|0.05|1.00|2.00|1.00|1849.93
SU3054|GU3027|0.05|1.00|4.50|1.00|1947.14
SU3055|GU3028|0.04|1.00|3.00|1.00|2309.68
SU3056|GU3029|0.05|3.00|4.50|3.00|1853.61
SU3057|GU3029|0.09|1.00|4.50|1.00|1072.63
SU3058|GU3029|0.13|4.00|4.50|4.00|763.21
SU3059|GU3035|0.02|4.00|12.00|4.00|4381.60
SU3060|GU3036|0.02|3.00|14.00|3.00|3735.76
SU3061|GU3036|0.03|1.00|14.00|1.00|2811.87
SU3062|GU3042|0.04|1.00|8.00|1.00|2417.11
SU3063|GU3043|0.03|1.00|2.00|1.00|2795.05
SU3064|GU3043|0.03|1.00|2.00|1.00|2846.64
SU3067|GU3045|0.06|1.00|1.00|1.00|1459.60
SU3070|GU3019|0.09|1.00|0.50|1.00|1017.66
SU3073|GU3020|0.15|2.00|0.50|2.00|646.60
SU3074|GU3020|0.11|4.00|0.50|4.00|849.78
SU3079|GU3022|0.06|1.00|0.50|1.00|1657.71
SU3081|GU3030|0.09|1.00|2.00|1.00|1086.17
SU3083|GU3031|0.06|1.00|0.50|1.00|1648.35
SU3087|GU3034|0.14|1.00|4.50|1.00|692.70
SU3097|GU3065|0.08|2.00|3.00|2.00|1236.80
SU3100|GU3065|0.19|1.00|3.00|1.00|517.92
