SUNo|AC|AR|BA|BYZ|CHAL|CL|CLH|ER|GA|GAC|HA|HEL|HER|HIS|HR|LChPh|LH|LHER|LR|MED|MEDB|MEDF|MEDOTT|MEDUI|MEDUII|MEDUIII|MEDVOTT|MM|MOD|MR|OTT|OTTMODI|OTTMODII|PeB|PH|PoB|PoBAR|RM|ROM|UN
SU0001|||||||0.15||||1.38|||3.24|||||0.15|||0.15|||||0.15||0.15||||||||||0.61|
SU0002|||||||||||4.16||0.12|4.16|0.25|||0.12|2.01||||||||0.12|0.37|2.52|||0.12|0.50||||||0.63|
SU0003|||||||||||1.62||0.40|5.28|0.27|||0.13|0.27|||0.27|||||||0.81||||0.13||||||1.62|
SU0004||||||||0.70|||4.21|||20.36|0.35||||1.75|0.35|||||||||0.70||||0.35||||||2.45|
SU0005|||||||||||5.92||0.74|9.25|||||0.74||||||||0.37||1.11||||||||||1.48|
SU0006|||||||||||2.85|||7.14|||||0.81|||0.20||||||0.40|||||||||||1.22|
SU0007|||||||||||3.06|||11.94|||||1.53||0.30|0.30|||||||0.30||||||||||2.45|
SU0008|||||||||||8.26|||7.15|||||1.65||||||||0.55||2.20||||||||||2.75|
SU0009|||||||||||0.18|||0.54|||||||||||||||0.82|||||||||||
SU0010||||||||||||||4.82|||||0.60|||||||||0.60|0.60|||||||||||0.60
SU0011||||||||||||||2.00||||||||||||0.07|0.14||0.29|||||||||||
SU0012|||||||||||4.37|||33.15|||||5.00||||||||3.12||4.37|0.62|||||||||3.75|
SU0013||||||||||||||7.28|||||||||||||0.49||0.99||||1.15|||||||
SU0014||||||||||||||4.33|||||||||||||0.38||0.12||||0.63|||||||
SU0015||||||||||||||8.49|0.38||||0.77||||||||0.77||0.38|||||||||||
SU0016|||||||||||0.96|||3.61|||||||||||||0.36||0.24||||0.36||||||0.36|
SU0017||||||||||||||7.91||||||||||0.20|||0.40|0.20|0.20|||0.60||||||||
SU0018||||||||||||||3.74||||||||0.78|||||||0.78||||1.77||||||1.18|
SU0019||||||||||||||2.24||||||||0.14|||||0.70||1.12||0.14||1.12|||||||
SU0020|||||||||||0.21|||1.51|||||||||||||0.21|0.10|||||0.54|||||||
SU0021|||||||||||0.24|||1.22|||||0.73|||0.73||||||0.49|0.49|||0.24|0.73|||||||
SU0022|||||||||||0.51|||7.76|||||||||||||0.51||0.51||||0.86|||||||
SU0023||||||||0.18|||0.93|||11.19|0.37||||0.18||||||||1.11|0.37|0.93|||0.18|0.74|||||||
SU0024|||||||||||1.97||0.98|11.17|||||0.16|||0.32||0.16|||0.32|0.16|2.95||||1.14|||||0.16|0.16|
SU0025||||||||||||||2.40|||||||||||||||0.86||0.19||0.38|||||||
SU0026|||||||||||0.53|||2.41||||||||0.26|||||0.53||3.21||||0.53|||||||
SU0027||||||||||||||0.57||||||||||||||0.28|2.88||||0.43|||||0.14||
SU0028||||||||||||||2.72||||0.45|||||||||0.22||1.36||||1.13|||||||
SU0029||||||||||||||3.56|||||||||||||||1.62||||0.64|||||0.32|0.32|
SU0030||||||||||||||0.34|||||||||||||||0.34||||0.23|||||||
SU0031|||||||||||2.34|||52.33|||||4.68|||||||0.78|6.24||27.34|||0.78|7.81|||||||
SU0032||||||||||0.22|0.78|0.22||7.69||||||||0.44||||0.11|1.00||1.67||0.33||1.67|0.33||0.22||||0.11
SU0033||||||||||||0.27||11.05|||||0.55||||0.27|||||0.55|2.21||1.93||3.59|||||||
SU0034|||||||||||0.11|||0.70|||||||||||||||0.23|||||||||||
SU0035||||||||||||||0.37|0.12||||0.12|||||||||||||||||||||
SU0036||||||||||||||0.51|||||||||||||||1.55||0.25||0.51|||||||
SU0037||||||||||||||0.99|||||||||||||0.49||0.99||||0.74|||||||
SU0038||||||||||||||1.19|||||||||||||0.35||0.71||||0.71|||||||
SU0039||||||||||||||0.12|||||||||||||||1.33|||||||||||
SU0040|||||||||||1.23|||71.91|||||1.23||||||||||9.91|||1.23|2.47|||||1.23||
SU0041||||||||||0.58|0.58|||46.36|1.17||||||||||||1.76||1.76||||4.69||||||1.76|
SU0042||||||||||||||0.14||||||||||||||||||||||||||
SU0043||||||||||0.26|0.26|0.26||19.07|||||||||||||0.52|0.26|2.38||0.26|0.26|3.70|||||||
SU0044||||||||||||||25.42||||||||1.49|||||2.99||8.22||||5.23|||||||
SU0045||||||||||||||21.24|0.32|||0.32|||||||||6.21|0.65|3.92||0.65||2.61|||||||
SU0046||||||||||||||25.41|||||||||||||11.01||3.81|||0.84|4.65|||||||
SU0047|||||||||||0.78|0.13||12.38||||0.13|0.26|||0.26|||||0.52||0.13|||||||||||
SU0048|||||||||||0.40|||11.68|||||||||||||||||||3.62|||||||
SU0049||||||||||||||8.47||||||||0.28|||||0.98||1.41||||0.84|||||||
SU0050||||||||||||||0.51|||||||||||||0.17||0.11||||0.22|||||||
SU0051||||||||||||||3.77||||||||0.34|||||6.86|4.46|6.52||0.68||0.34|||||||
SU0052|||||||||||1.07|||9.99|||||0.17||||0.35|0.17|||1.42||1.07||||0.17|0.17|||||0.53|
SU0053||||||||||||||1.24|||||||||||||4.99|12.49|11.87|||0.62||||||||0.62
SU0054||||||||||||||5.26||||||||||||0.32|1.64|11.85|6.58||0.32||2.63|||||||0.32
SU0055|||||||||||||||||||||||||||||0.05|||||||||||
SU0058|||||||||||||||||||||||||||||0.04|||||||||||
SU0060|||||||||||2.15|||23.03||||1.43|1.43|||4.31|||||7.91|28.07|12.95||2.87|0.71||||||0.71||
SU0061|||||||||||4.34|||19.53|||||1.08|||1.08||1.08|||2.17|1.08|2.17||||3.25|||||||
SU0062|||||||||||5.14|||11.57||||||||||1.28|||1.28|14.14|7.71|||||||||||
SU0063||||||||2.54|||3.82|||44.57||||1.27|||||||||||10.18|||||||||||
SU0064||||||||||0.68|2.75|0.68||18.58|0.68||||||||||||||2.75||||0.68|||||||
SU0065||||||||||||||0.29|||||||||||||||0.29|||||||||||
SU0066|||||||||||0.12|||3.12|||||||||||||0.60|0.12|1.68||||0.84|||||||
SU0067|||||||||||0.56|0.28||7.31|||||||||||||1.68||1.40||||4.50||||||0.28|
SU0068|||||||||||0.50|||10.16||||||||1.01|||||0.50|11.17|||||3.04|||||||
SU0069||||||||0.13||||||3.14|||||0.13|||0.95|||||2.05|3.41|0.27||||0.68|||||||
SU0070||||||||||||||0.90|0.11||||||||||||0.22|2.02|0.22||||0.56|||||||
SU0071|||||||||||||||||||||||||||||0.29|||||||||||
SU0072||||||||||||||0.18|||||||||||||||0.56|||||||||||
SU0073||||||||||||||||||||||||||||0.15||||||5.30||||||
SU0074||||||||||||||||||||||||||||||||||7.05||||||0.15
SU0075||||||||||||||||||||||||||||||||||1.03||||||
SU0076||||||||||0.38||||1.81||||||||||||||||||||9.60||0.12|||0.25|
SU0077||||||||||||||0.69|0.08|||0.08||||||||||0.08||||||2.26||0.08|||0.08|
SU0079||||||||||||||0.34|||||||||||||||0.69|||||||||||
SU0081|||||||||||0.44|||7.74|||||0.14|0.14||2.97||||0.14|0.29|6.55|2.68||0.44|3.27|||||||0.14|0.44
SU0082||||||||||0.17|0.35|||4.24||||0.35|0.17||||||||1.23|6.18|1.41||||0.88|0.17|||||0.70|
SU0083|||||||||||0.14|||1.59||||||||||||0.14|0.43|1.44|0.43||||0.43|||||1.88||
SU0084||||||||||0.29||||10.16|||||0.87|||0.58|0.29|||0.29|2.03|6.09|6.67||0.87|0.29|4.35||||||0.58|
SU0085|||||||||||0.89|0.22||5.79|0.22|||0.44|0.44|||0.22|||||0.44|2.44|||0.22||||||||1.11|
SU0087||||||||||0.15||||2.57|||||||||||||||0.15||||0.45|||||||
SU0088|||||||||||0.38|||1.65|||||0.25||||||||1.01||0.25|||0.50|0.50|||||||
SU0089|||||||||||0.29|||3.26||||0.29|||||||||0.29||1.48||||2.37|||||||
SU0090|||||||||||0.52|||1.22|||||||||0.17||||||||||0.69|||||||
SU0091||||||||||||||2.28|||||0.50||||||||||1.27||||2.03|0.50||||||
SU0092||||||||||||||4.56|||||||||0.35||||||1.40||||2.10|||||||
SU0093||||||||||||||3.83||||||||0.38||||||2.68|1.15||||1.53||||||0.38|
SU0094||||||||||0.31|5.36|||21.79|||||4.10|0.94|||||||1.26||||||9.79|0.31||||||
SU0095|||||||||||1.21||0.24|8.98|0.24||||0.24|||0.72|||||0.97|3.15|1.69||0.24|0.24|3.88||||||0.72|
SU0098|||||||||||0.98|||6.91|||||0.49|0.74|0.24||0.24||||||||0.24||5.43|||||||
SU0099|||||||0.07|||0.07|0.63|||1.83|0.14||||0.14||||||||0.07|0.07|0.07|||||0.35|||||0.14|1.34
SU0100||||||||||||||5.07|0.09|||0.09|0.09||||||||||0.28||||0.18||||||0.46|
SU0103|||0.07|||||||0.76||||0.76||||||||0.07|||||||0.07|||||2.37||0.07||||
SU0300||||||||||||||5.95|||||||||||||||1.48|||||||||||
SU0301||||||||||||||11.13||||||||1.01||10.12|||||6.07||||1.01|||||||
SU0302||||||||||||||1.69|||||||||||||||0.33|||||||||||
SU0304||||||||||||||0.10||||||||||||0.05|||0.05||||0.05|||||||
SU0305||||||||||||||||||||||||||||0.09||||||||||||
SU0306||||||||||||||0.41|||||||||||||||0.13|||||||||||
SU0307||||||||||||||||||||||||||||0.06||||||||||||
SU0308||||||||||||||||||||||||||||0.11||||||||||||
SU0309|||||||||||0.04|||1.15||||||||||||||0.32|0.23|||||||||||
SU0310||||||||||||||0.63|||||||||||||||0.12|||||||||||
SU0311||||||||||||||0.07||||||||||||||||||||||||||
SU0320||||||||||||||0.05||||||||||||||||||||||||||
SU0321||||||||||||||0.17||||||||||||||||||||||||||
SU0322||||||||||||||0.20||||||||||||||||||||||||||
SU0323||||||||||||||0.08||||||||||||||||||||||||||
SU0324||||||||||||||0.03||||||||||||||||||||||||||
SU0326||||||||||||||0.24|||||||||||||||||||0.08|||||||
SU0327||||||||||||||0.08|||||||||||||||0.02|||||||||||
SU0328||||||||||||||0.28||||||||||||||||||||||||||
SU0330||||||||||||||0.40||||||||||||||||||||||||||
SU0331||||||||||||||||||0.20|||||||||||0.20|||||||||||
SU0332||||||||||||||0.12||||||||||||||||||||||||||
SU0334|||||||||||||||||||||||||||0.07|||||||||||||
SU0336||||||||||||||0.06||||||||||||||||||||0.06||||||
SU0337||||||||||||||0.08||||||||||||||||||||||||||
SU0338||||||||||||||0.04||||||||||||||||||||||||||
SU0340||||||||||||||0.13|||||||||||||||||||0.13|||||||
SU0341||||||||||||||||||||||||||||0.19||||||||||||
SU0342||||||||||||||0.14||||||||||||||||||||||||||
SU0344||||||||||0.83||||7.50|||||||||||||||0.83|||||||||||
SU0345||||||||||||||8.33|||||0.59||||||||0.59|1.19|||||2.38|||||||0.59
SU0346||||||||||1.55||||20.17|0.77||||5.43|||||||||||||||||||||
SU0347||||||||||0.92|0.92|1.85||22.29|||||1.85||||||||||0.92|||||||||||
SU0348||||||||||||1.51||36.39|1.51||||1.51||||||||||||||10.61|||||||
SU0349||||||||||2.98|1.49|||17.89|||||1.49||||||||||4.47||||||||||1.49|
SU0350||||||||||||||19.51|0.78|||||||||||||0.78|||||4.68|||||||
SU0351||||||||||||||13.65|||||0.71||||||||||2.87||||4.31|||||||
SU0352|||||||||||0.65|||5.26|||||||||||||||1.31||||0.65|||||||
SU0353||||||||||||||||||||||||||||||||||0.15||||||0.07
SU0354||||||||||||||0.27|||||||||||||||0.05||||0.16|0.11||||||0.11
SU0355|||||||||||5.45|||58.95|||||1.09|||2.18|||||4.36|48.03|1.09||||||||||1.09|
SU0356|||||||||||2.03|||15.25||||||||||||||1.01||||||||||||
SU0357|||||||||||2.93|||12.71|0.48|||||||0.97|||||0.97|12.22|0.48||||||||||0.48|
SU0358|||||||||||0.92|||26.87|||||||||||||3.70|10.19||||||||||||
SU0359||||||||||||||30.35|||||1.44||||||||1.44|||||||||||||
SU0360||||||||||||||20.48|||||1.28|||1.28|||||3.84||||||1.28|||||||
SU0361||||||||||||||30.96||||||||||||||1.67|||||||||||0.83|0.83
SU0362|||||||||||0.82|||3.29|||||||||||||3.29|18.92|||||2.46|||||||
SU0363|||||||||||5.20|||16.48|||||||||||||1.73|14.74|0.86|||||||||||
SU0364|||||||||||6.65|||36.96||||||||||||||14.04|0.73|||||||||||
SU0365||||||||||||||||||||||5.12||2.56||16.24||121.39|11.96||||0.85|||||||
SU0366||||||||||||||||||||||2.35||||||7.07|66.84|||||||||||
SU0370|||||||||||||||||||||||||||||0.07|||||||||||
SU0374|||||||||||||||||||||||||||||0.14|||||||||||
SU0382|||||||||||||||||||||||||||||0.08|||||||||||
SU0385||||||||||||||1.82||||||||||||||0.45|2.73|||||||||||
SU0386||||||||||||||0.32||||||||||||||||||||||||||
SU0387||||||||||||||||||||||||||||0.11|1.40|||||||||||
SU0391||||||||||||||0.05||||||||||||||||||||||||||
SU0392|||||||||||0.58|||12.25|||||1.16|||||||||1.16|||0.58||4.66|||||||
SU0393|||||||||||0.31|||3.13||||||0.62||0.31|||||1.56|5.96|0.31||0.31||3.45|||||||
SU0394||||||||||||||5.05||||||||0.31|0.63||||||0.31||||1.58|||||||
SU0395||||||||||||||1.38|||||||||||||0.34||0.17||||0.34|||||||
SU0601||||||||||||||0.21||||||||||||||||||||||||||
SU0602||||||||||||||0.19|||||0.09|||||||||||||||||||||
SU0603||||||||||||||0.19||||||||0.09||||||||||||||||||
SU0613||||||||||||||0.81||||||||||||||||||||||||||
SU0614||||||||1.22|||4.91|||211.27|4.91|||2.45|3.68||1.22||||||2.45||15.96||||1.22||||||1.22|
SU0615||||||||||1.19|13.17|1.19||71.84||||4.78|13.17||||||||3.59|2.39|28.73||2.39||3.59||||||40.71|
SU0616||||||||0.78|||8.63|1.57||61.25|7.85|||0.78|2.35||||||||||5.49|||1.57|7.85||||||24.34|
SU0617|||||||||||8.06|||174.16||||1.61|4.83||||||||1.61||6.45|3.22|||||||||35.47|
SU0618|||||||||||2.91|0.58||46.13||||0.58|2.91|||0.58|||||0.58|0.58|5.83||0.58|0.58|4.67|||||0.58||
SU0619||||||||0.62|||3.10||0.62|102.49|18.01|||1.24|8.07||||||||1.24||3.72||||9.31|||||1.24|3.10|
SU0620|||||||||||2.21|||12.04||||0.31||||0.63|||||||0.95||||1.26||||||2.21|
SU0621||||||||0.92|||2.77|||89.58|3.69|||1.84|2.77||||||||||3.69|||||||||3.69|9.23|
SU0622||||||||1.26|||11.34|||61.79|180.33|||2.52|20.17||||||||2.52||1.26|||||||||1.26|30.26|
SU0623|||||||||||0.97|||52.91|0.97||||||||||||0.97||3.91||||3.91|||||||
SU0624||||||||||||||4.35||||||||||||||||||||||||||
SU0625||||||||||||||94.36|2.58|||||||||||||||||||||||||
SU0626||||||||||||||90.53|5.26||||2.10|||1.05|||||4.21||18.94||||1.05||||||1.05|
SU0627||||||||||||2.77||61.04|5.54||||2.77|||||||||2.77||||||||||||
SU0628|||||||||||1.37|||30.19||||1.37|||||||||||1.37|||||||||||1.37
SU0629||||||||||||||33.87|||||1.53||||||||||3.07||||||||||6.15|
SU0630||||||||||||||49.24|||||||||||||||||||1.82|||||7.29||
SU0631||||||||||||||37.33|2.76||||||||||||1.38||6.91||||1.38|||||||
SU0632||||||||||||||11.04|||||||||||||||1.94|||1.29|1.94|||||||0.64
SU0633||||||||||||||7.61|||||||||1.01||||||3.04||||1.01|||||||
SU0634|||||||||||0.48|||2.89|||||||||||||||2.40||0.96|||||||||
SU0635||||||||||||||5.64||||||||||||||||||||||||||
SU0636||||||||||||||1.62|||||||||||||||0.65|||||||||||
SU0637|||||||||||0.25|||4.59|||||0.25||||||||||1.27||0.25||0.25|||||||
SU0638|||||||||||5.55|||227.87|11.11|||||||5.55|||||||5.55|||||||||5.55|11.11|5.55
SU0639|||||||||||10.39|||80.59|||||2.59||2.59|10.39|5.19|||||62.39|10.39|||||||||5.19|2.59|
SU0640||||||||||1.45|2.91|1.45||40.85|||||1.45||||||||1.45||4.37||||4.37||||||10.21|
SU0652|||||||||||||||||||||||||||||0.10|||||||||||
SU0653||||||||||||||||||0.11||||||||||||||||||||||
SU0654|||||||||||||||||||0.21|||||||||||||||||||||
SU0657||||||||||||||0.74||||||||||||||||||||||||||
SU0658||||||||||||||1.57|0.52|||0.21|||||||||||||||0.31|||||||
SU0659|||||||||||7.37|||27.64|||||||||||||||0.92||1.84||3.68|||||||
SU0660|||||||||||1.84|||2.95|||||0.36|||1.84||||||4.05|1.47||||0.36|||||||
SU0661|||||||||||3.82|||28.72|||||5.74|||0.95|||||0.95|7.65|||||15.31||||||0.95|
SU1002||||||||3.73|||0.93|||39.25|||||3.73|0.93|||1.86||||||4.67|||0.93|18.69||||||2.80|
SU1003|||||||||||7.86|3.14||31.47|||||15.73||||||||||||||9.44||||||12.59|
SU1004|||||||||||2.52|||28.64|||||5.05|0.84|0.84|0.84|||||0.84|0.84|1.68||||14.32||||||6.74|
SU1006||||||||0.16|||2.61|0.65|0.16|5.40|1.30||0.65|1.96||||0.16|||||||0.16||||1.14|||||1.63|4.09|
SU1007|||||||||||0.49|0.16||1.47||||||||||||||0.32|2.79||||1.80||||||0.65|
SU1008||||||||||0.44|1.32|0.44||9.24|0.88|||0.88|||||||||||5.72|||||0.44|||||2.64|0.44
SU1009|||||||||||0.28|1.71||5.99||||0.57|0.57|||||||||1.42|3.71||||0.28|0.85||0.28||0.57|0.57|0.28
SU1010||||||||0.52||1.04||0.52||14.67|2.09|||1.57|0.52||||||||||6.28||||||||||5.24|
SU1011||||||||||1.10||0.55||9.35|2.75|||2.20|||0.55||||||||4.40||0.55||6.05||||||1.65|0.55
SU1012|||||||||||0.30|0.60||8.11||||0.30|0.60|||||||||4.51|0.30|||||0.90|||||2.10|
SU1013||||||||||0.66||||0.92||||||||||||||0.13|||||0.52|4.36||||||
SU1014|||0.11|||||||0.11||0.11||2.02||||||||||||||0.11|0.22|||||2.92|||||0.11|0.11
SU1015|||0.91|||||6.40||0.91|4.57|9.14||39.32|0.91||0.91|6.40|1.82|0.91||||||||13.71|8.23||||13.71|2.74||||9.14|10.06|
SU1016||||||0.51||0.77||0.51|0.51|||12.21||||2.59|0.25|||||||||3.89|2.33||||2.59||||||4.15|
SU1017||||||||||0.36||1.09||11.35|||||0.73|||0.36||||||0.36|1.09||||2.19|0.36||||||0.36
SU1018|||||||||||0.29|||8.38|||||||||||||0.29||1.19||0.29||1.19||||||0.29|
SU1019|||||||||||0.44|||1.54|0.44|||||||||||||0.22|0.44||||||||||0.22|
SU1020||||||||||||||1.72||||||||||||||4.88|1.15||||0.86|||||||
SU1021||||||||||||||6.04|||||1.88||||||||||||||0.75|||||||
SU1022||||||||2.94||1.76|7.07|5.89||36.57|4.12|||4.12|0.58||||||||1.17||||||1.76|1.17||||6.48|8.84|0.58
SU1023||||||||0.53|||2.13|2.66||30.38|0.53|||2.13|5.33|||||||||||0.53|||2.66|||||2.66|5.86|
SU1024|||||||0.94|1.88||0.47|2.82|1.41||32.02|3.76|||2.82|1.41|||0.47|||||0.94|0.47|||||3.76|0.47|||||12.71|0.47
SU1025||||||||||0.42|5.51|||17.81|0.42|||0.42|0.84||||||||||||0.42||2.54||||||2.96|
SU1026|||||||0.32|||0.32|0.32|||14.49|0.32|||1.61||||0.32|||||||1.61||0.32||2.57|||||0.32|0.32|0.32
SU1027|||||||||||0.41|||7.54||||||1.25||||||||2.93|0.41||||2.93|0.41||||||0.41
SU1028||||||||||||||5.09|||||||||||||1.45|6.92|||||1.82|||||||
SU1029||||||||||2.36||0.78||24.45|1.57|||0.78|1.57||||||||0.78||3.15||||3.94|3.15|||||0.78|0.78
SU1030|||||||0.58|||1.17||0.58||24.62||||0.58||||||||||17.00||||||||||2.93||
SU1031||||||||||1.84|1.84|0.92||25.84||||||||||||||3.69|||1.84|||0.92||||||
SU1032||||||||||1.12|0.56|1.68||15.18||||0.56|||||||||||1.12||||2.24|||||1.12|3.37|
SU1033||||||||||||||0.47||||0.23|||||||||||0.71||||0.47||||||0.23|
SU1034||||||||||0.78|1.56|1.56||18.83|1.56|||0.78||||||||||0.78|||||6.27|||||0.78|7.06|
SU1035||||||||0.81|||1.63|0.81||22.12|0.81|||3.27|2.45|||||||||3.27|2.45||3.27||6.55|||||0.81|7.37|
SU1036|||0.72|0.72||||||||0.72||30.64|1.45|||0.72|0.72|0.72|||||||||5.10||||1.45|||||1.45|8.02|
SU1037|||||||||||2.20|||13.24|1.47||||2.20||||||||2.20|2.94|4.41||3.68||10.30||||||2.20|
SU1038|||0.94|0.94|||||||0.94|0.94||21.78|4.73||||4.73|2.84|1.89|2.84|||||2.84|24.62|||1.89||11.36|0.94|||||0.94|
SU1039|||3.43||||||||3.43|1.71||34.34|0.85|||0.85|1.71|3.43||2.57|||||3.43|20.60|2.57||0.85|0.85|19.75|2.57||0.85|||6.86|
SU1040|||0.66|||||||0.66|0.33|||12.27|0.66||||0.66||0.33|0.33||||||0.99|2.65||0.33||1.65|||0.33|||1.65|0.33
SU1041||||||||||||||21.99|||||2.53|||||||||2.53|0.84||||3.38||||||2.53|
SU1042|||7.45|||||||||||54.04|1.86||||3.72|||0.93||||||2.79|4.65||0.93||6.52||||||7.45|
SU1043||||||||0.79||||||47.10|0.79||||2.39||||||||||1.59||||7.98|||||0.79||
SU1044|||0.98|||||0.49||||||24.10|0.49||||1.96||0.98|0.98|||||1.47|8.36|0.98|||0.49|3.93|||||1.47|2.95|
SU1045|||0.67|||||||0.22||||6.92||||0.22|||||||||||||||0.44||||||0.44|
SU1046|||||||||||0.30|||10.09||||0.61|0.91|||||||||0.61|3.05||||7.33|||||0.30|0.91|0.30
SU1047|||||||||||0.50|1.01||12.23||||0.50|||||||||1.01|1.52|0.50||||1.52|||0.50||2.03||
SU1048|||||||0.42|||0.42||||13.65|1.28|||0.85|2.13||||||||||0.42||||2.13|||||1.28|1.70|0.42
SU1049|||0.66||||||||0.66|0.66||18.66|0.66|||1.33||||||||||2.66|0.66||0.66||3.33|0.66|||||3.99|
SU1050|||||||0.49|0.49|||0.49|0.99||16.92|0.99||||0.49|||||||||2.48|0.49||||0.99||||||1.49|
SU1051||||||||||0.29||||3.85|0.29|||0.29|0.89||||||||||||||0.29|||||0.29|1.48|
SU1052||||||||||||||0.41||||||||||||||||||||||||||
SU1053|||0.31|||||||2.23|3.18|||8.92|0.31||||0.63|||||||||1.91|1.91||||4.14|0.63||||||
SU1054||||||||||3.42|14.19|1.46||8.81||||0.48|0.97||||||||0.48|1.46|2.93||||9.79|1.46||||14.68|5.38|
SU1055||||||||||3.28|6.02|||16.41|1.64||||||||||||0.54||2.18||||4.92|1.64||||||
SU1056|||0.57|||||||2.87|8.62|||8.62|2.30|||||||||||||1.15|7.47||||1.72|1.72||||10.35|1.15|
SU1057|||0.72|||||||5.09|7.99|0.72||29.08||||0.72||||||||||0.72|5.09||||1.45||||||2.18|
SU1058|||0.51|||||||1.03|3.62|||12.41|1.55|||||||||||||0.51|1.03||||4.13|||0.51||10.86|0.51|
SU1059|||0.82||||||||5.76|0.82||18.11|3.29|||4.11|||||||||||||||0.82|||0.82||11.52|0.82|
SU1060|||||||0.71|||2.86|5.73|1.43||23.63|0.71|||0.71|0.71||||||||||1.43|0.71|||2.86||||||4.29|
SU1061|||1.59|||||2.38|5.57||17.51|2.38||40.60|3.98||||2.38|||||||||1.59|3.18||||11.14|||||2.38|9.55|0.79
SU1062||||||||1.25||3.76|11.91|1.88||17.55|0.62|||0.62||||0.62||||||1.88|1.25||3.13||9.40|||||12.53|5.01|
SU1063|0.68|||||0.68|0.68|0.68|0.68|2.75|15.16|2.06||24.12|4.13|||1.37|2.75|||1.37|||||||1.37|||0.68|7.58|||0.68||26.19|5.51|
SU1064|||0.56||||0.56|1.69|3.38|0.56|9.60|2.82||15.25|0.56|||3.38|1.69||||||||0.56||0.56|||0.56|2.82|||||30.50|6.77|
SU1065|||0.53|||||1.06||2.65|15.93|2.12||13.27||||2.12|2.12|||0.53||||||11.68|2.12||||5.31|||||4.24|3.18|
SU1066|||10.57||||||0.96||17.30|||23.06||||||||1.92||||||6.72|||||9.61|19.22||0.96||13.45|0.96|
SU1067|||2.20|||||||3.30|14.88|||17.63|1.65|||0.55||||1.10||||||0.55|||||4.96|0.55|||||0.55|2.75
SU1068|||0.71|||||||0.71|7.18|||26.57||||0.71||0.71||1.43||||||7.18|2.15||2.15||4.31|0.71|||||2.87|
SU1069||||||||0.25|||2.31|||6.94|0.51||||||||||||||||||1.28||||||0.51|
SU1070|||||||||1.04||10.43|1.04||50.09|2.08||||1.04|||1.04|||||2.08|1.04|1.04||||3.13|1.04|||||8.34|
SU1071|||0.40||||||||6.03|0.40||6.03|0.40||||||||||||||1.20||||3.22|0.80||||5.23|0.40|
SU1072|||||||0.45|0.45||0.45|8.18|||19.09|4.09|||1.36||||||||||||0.45|||0.45|||||0.45|3.63|
SU1073|||||||0.44|0.44|||6.26|3.57||16.10|0.44||0.44|1.34|2.68||||||||||||||0.89|||||0.44|1.34|0.44
SU1074||||||||4.58|||5.73|||18.34|1.71|||2.29|1.71||||||||||0.57|||||||||0.57||0.57
SU1075|||||||0.26|0.53|||4.29|1.07||5.63|0.26|||1.87|1.34||||||||||||||1.34|0.53||||3.75|1.07|
SU1076||||||||0.57||0.57|6.90|1.15||18.41|3.45|||1.15|1.15||||||||||1.15||||1.72||||||8.63|
SU1077|||||||||||3.30|0.30||3.60|0.60||||0.60||0.30|||||||0.30|0.30||||0.90|||||0.90|1.80|
SU1078||||||||0.40|||3.27|||3.27|0.40||||||||||||||||||2.04||||||0.81|
SU1079||||||||0.71||1.42|8.18|0.35||10.32|0.71|||||||||||||0.35|0.71||||1.06|1.42||0.71|||3.56|
SU1080||||||||0.58||0.58|7.65|0.58||18.85||||1.17|||||||||||0.58|||||||||||
SU1081||||||||0.27||0.27|1.38|||2.77|||||||||||||||0.27|||||||||||
SU1082||||||||||1.31|8.32|||18.39|0.43|||0.43|8.76||||||||||||||3.50||||||4.38|
SU1083||||||||||1.76|29.09|||54.65|13.22||||16.74||||||||||||||12.34||||||17.63|
SU1084||||||||||0.19||||0.39||||0.09|0.09||||||||||||||0.29|||||0.09||0.09
SU1085|||0.22|||||||0.68|5.04|||9.85|||||0.22||||||||||0.45||||0.22|0.22|||||0.22|
SU1086|||4.07||||||||4.07|||81.49|4.07|||||1.35||1.35|||||||||||4.07|1.35||||1.35|1.35|
SU1087|||3.78||||||||12.77|0.47||25.54|0.47||||0.94||||||||0.47||||0.94|||0.94|||||1.41|
SU1088|||1.69|||||||0.42|5.07|||3.38|0.42||||0.42||||||||0.42|4.65|1.26||0.42||2.96|0.84||0.42|||1.26|0.84
SU1089|||1.05|||||||0.52|0.52|||10.04|||||||||||||0.52|||||||0.52||||0.52||
SU1091|||||||||||0.12|||||||||||||||||0.12||||||0.12||||||
SU1092||||||||||||||0.44||||||||||||||0.14||||||0.14||||||
SU1093||||||||||||||0.33||||||||||||||||||||0.33||||||0.16
SU1094|||||||||||2.90|0.72||26.85||||0.72|||||||||||2.90||||0.72|||||1.45||
SU1095|||||||||||3.76|||7.99||||||||||||||4.23|5.17||||4.23|0.47||||||0.47
SU1096|||||||||||0.38||||||||0.38||||||||||3.04||||1.90||||||0.76|0.38
SU1302||||||||||0.08||||1.41||||0.08|0.17||||||||0.53|0.08|0.17||||1.14||||||0.61|
SU1303||||||||||||||1.28|||||0.32||||||||0.21||1.18||||0.85||||||1.18|
SU1305|||||||||||1.14|1.53||13.77|1.91||||1.14||||||||0.38|3.06|1.91||||4.20|1.14|||||1.91|0.76
SU1306|||0.23|||||0.23||0.23|0.92|||13.19||||0.23|1.15|||0.92|||||0.69|7.40|1.38||||2.31||||||0.92|
SU1307|||||||0.18|||||0.18||8.28|0.37||||0.75|||0.18|||||0.37|0.18|0.37|||0.37|0.94|||||2.63|1.13|
SU1308|||1.67||||||||0.83|||13.64|4.17||||0.83||||||||0.83|||||0.27|1.67|0.83|||||2.22|
SU1309|||||||||||0.30|||9.02|0.30||||0.90|0.30|||||||0.30|1.80|2.40||||1.20||||||0.90|0.30
SU1310||||||||0.19||1.15|0.38|||10.18|0.57||||0.38||||||||0.96||5.76||||0.96|0.38|||||0.96|0.96
SU1311||||||||||||||9.35|1.78|||||||1.33||||||1.78|2.22||||2.22|0.44||||4.45|0.89|
SU1312||||||||||||0.09||0.18|||||||||||||||||||||||||0.18|
SU1313||||||||||0.11||||0.66|||||||||||||||0.11|||||||||||0.22
SU1314|||||||||||0.10|||0.53||||||||||||||0.21|||||0.21||||||0.21|
SU1315||||||||||||||8.06|0.47||||0.15||||||||0.94|1.10|2.53||0.15||3.95|||0.15|||0.31|
SU1316||0.11|||||||||0.34|0.11||6.80|0.34||||0.23|||0.57|||||1.49|3.68|0.80|||0.34|1.84|0.11|||||1.26|
SU1317||||1.06||||1.06||1.06||1.06||52.05||||2.12|3.18||||||||2.12|32.93|||2.12|2.12|5.31|||1.06||4.24||1.06
SU1318||||||||||||||22.55|||||2.25||||||||1.12|15.78|0.56|||1.12|4.51|||||1.69|2.81|
SU1319||||||||||||1.71||28.25|3.42||||0.85||||||||5.13|11.98|1.71||||4.28|||||0.85|3.42|
SU1320||||||||||0.56||0.56||26.02|0.56|||0.56||||1.13|||||1.69|9.61|0.56|||2.82|2.26|||||1.69|2.26|1.13
SU1321||||||||||0.43|0.08|||0.95|||||0.08|||||||||||||||0.34|||||0.34|
SU1322||||||||0.19||0.19||||10.43|||||0.98|||0.59|||||0.19|0.19|1.57|||0.78|3.93||||||0.78|
SU1323||||||||||0.57||||19.63||||0.57|0.28|||0.28||||||0.57|0.28|||0.28|0.86|0.57|||||0.57|
SU1324|||||||||||2.70|||3.33||||||||0.15|||||0.15|1.43|0.15|||0.15|0.31|||||||
SU1325||||0.44|||||||0.66|0.22||15.54|||||0.22||0.44|0.44|||||2.44|0.88|1.33||0.66|0.44|6.66|||||0.44|0.66|
SU1326|||||||||||0.40|||17.54||||||||1.63|||||1.63|1.22|1.63||||8.15||||||0.81|0.40
SU1327|||0.35|||||||||||9.64|0.52||||0.70|||||||||0.17|||0.52||3.50||||||0.87|
SU1328||||||||||||||||||||||||||||0.03||||||||||0.03||
SU1329||||||||||||||||||||||||||||0.03|0.03|||||||||||
SU1330||||||||||||||0.25|||||||||||||||||||||||||0.19|
SU1332||||||||||||||||||||||||||||0.04||||||||||||
SU1336||||||||||||||||||||||||||||0.05||||||||||||
SU1337||||||||||||||0.06||||||||||||||||||||||||||
SU1339||||||||||||||0.04||||||||||||||0.04||||0.04||||||||
SU1340||||||||||||||||||||||||||||0.38||||0.04||||||||
SU1341||||||||||||||||||||||||||||0.31|0.12|||||||||||
SU1342||||||||||||||||||0.09||||||||||0.19||||||||||||
SU1343||||||||||||||0.14|||||||||||||0.07|0.35||||||||||||
SU1344||||||||||||||0.14||||||||||||||0.28||||||||||||
SU1345||||||||||||||0.19||||||||||||||0.09||||0.04|||||||0.04|
SU1346||||||||||||||0.27||||||||||||||0.18||||||||||||
SU1347||||||||||||||0.18|||||0.06||||||||||||||||||||0.06|
SU1348||||||||||||||0.23||||||||||||||||||||||||0.11||
SU1349||||||||||||||0.24|||||||||||||0.12|0.18||||||||||0.06||
SU1350||||||||||||||0.09||||||||||||||0.04||||||||||0.14||
SU1351||||||||||||||0.15||||||||||||||0.20|0.05||||0.05|||||||
SU1352|||||||||||||||||||||||||||||0.13|||||||||||
SU1353||||||||||||||0.13||||||||||||||0.53||||||||||||
SU1354||||||||||||||0.52||||||||||||||||||||||||||
SU1355||||||||||||||0.44||||||||||||||0.14||||||||||||
SU1356||||||||||||||0.20|0.06|||||||||||||0.47||||||||||||
SU1357||||||||||||||0.52|||||0.11|||||||||||||||||||0.05||
SU1358||||||||||||||0.46|0.11|||||||||||||0.46|0.11|||||||||0.23|0.11|
SU1359||||||||||||||0.14||||||||||||||0.07|0.07|||||||||||
SU1360||||||||||||||0.94|||||0.18||||||||0.18|5.29|0.37|||||||||0.56||
SU1361|||||||||||||||||||||||||||0.10|0.41|0.41|||0.31|0.31|||||0.41||
SU1362||||||||||||||0.96|||||||||||||||0.27||||0.41|||||||
SU1363||||||||||||||0.70||||||||||||||1.89|0.94|||0.23|0.47|||||||
SU1364||||||||||||||0.87||||||||||||||2.61|0.29|||0.29|0.29|||||0.87||
SU1365||||||||||||||0.21|||||||||||||0.15|0.52|0.21|||0.05|0.52|||||0.84||
SU1366||||||||||||||2.09||||||||||||||1.04|0.34|||0.34|0.87|||||0.87||
SU1367|||||||||||||||||||||||||||||||||0.12|||||||
SU1368|||||||||||||||||||||||||||||0.24|||||||||0.48||
SU1369||||||||||||||||||||||||||||2.73||||||||||||
SU1370||||||||||||||||||||||||||||0.16|0.16|||||||||||
SU1371|||||||||||0.11|||0.58|||||||||||||0.11|1.28|||||0.46|||||0.69|0.81|
SU1372|||||||||||0.94|0.20||1.04||||||||||||||||||||||||||
SU1377|||||||||||0.17|||||||||||||||||||||||||||||
SU1379||||||||||||||0.06|0.06|||||0.06||||||||0.13|||0.20|||||||||
SU1380||||||||||0.11|0.23|||0.11|||||0.11||||||||||||||||||||0.23|
SU1381|||||||||||1.28|0.14||4.00||||0.14|||||||||0.14|1.14|||0.14||0.85|||||1.14|1.14|
SU1382|||||||||||0.29|||1.01||||||||||||||0.67|0.04||||0.19||||||0.19|
SU1383||||||||||0.23|2.76|||5.75|||||0.23|||||||||4.83|0.23||||0.92||||||0.69|
SU1384|||||||||||0.18|||0.18|||||0.06|||||||||0.24|0.06||0.06|||||||||
SU1385||||||||||||||0.13||||||||||||||0.52||||||||||||
SU1386|||||||||||0.04|||0.04||||||||||||||0.14|||||||||||0.04|
SU1387||||||||||||||0.05||||||||||||||0.11|||||0.02|||||||
SU1388||||||||||0.03|0.03|||0.03||||||||||||||||||||||||||
SU1602||||||||||0.07|0.07|||0.39|||||||||||||||0.15||||0.07||||||0.07|
SU1603||||||||||||||0.32|||||||||||||||0.16|||||0.08|||||0.48|
SU1604||||||||||||||0.91|||||||||||||||0.13||||||||||0.26|
SU1605||0.26|||||||||0.26|||10.43||||0.26|1.87|0.26|||||||2.14|3.21|2.40|||0.53|3.74||||||4.54|
SU1606||||||||||||||0.19||||||||||||||||||||||||||
SU1607||||||||||||||0.05||||||||||||||||||||||||||
SU1609|||||||||||||||||||||||||||||0.20|||||||||||
SU1617|||||||||||||||||||||||||||||1.32|||||||||||
SU1618||||||||||||||0.11|0.11|||||||||||||||||||||||||
SU1620||||||4.97|||||3.31|||109.39|3.31||||3.31|||6.63|||||||||||11.60|||||23.20|3.31|
SU1621|||||||||||0.57|||13.20|0.57|||||||1.14|||||||0.57||||4.02||||||4.59|
SU1622||||||||||||||14.75||||0.50||||||||||||||||||||2.54|3.56|
SU1623||||||||||||||13.05|0.93||||0.62||||||||||0.31||||0.31||||||5.59|
SU1624||||||||||||||6.07|||||1.35|||||||||||||||||||||
SU1625||||||||||||||6.33|||||0.45|||||||||||||||||||||
SU1626|||||3.13|||||||||37.63|||||1.56||||||||6.27||||||4.70|1.56||||32.92|6.27|
SU1628||||||||||||||6.86|0.36|||||||||||||||||||||||1.08|0.36|
SU1629||||||||||||||2.59|0.21||||0.21|||||||||0.64|||||0.64|||||1.72|1.07|
SU1630||||||||||||||3.36||||||||||||||5.05|1.68|||||||||||
SU1631||||||||||||0.52||11.50||||||||||||||1.04|0.52||||1.04|||||||
SU1632||||||||||||||25.96|1.03|||||||||||||2.07|1.03||||1.03||||||3.11|1.03
SU1633||||||||||||||2.45||||||||||||||0.30||||||||||1.53||
SU1634|||||||||||0.34|||6.23|0.34||||0.34||||||||1.03|2.77|2.07||||4.85||||||4.50|
SU1635||||||||||||||2.56|||||||||||||||||||||||||0.36|
SU1636||||||||||||||8.08|||||0.67||||||||||1.34|||||||||||0.67
SU1637|||||||||||0.47|||6.19||||0.47|0.47||||||||||||||||||||1.42|
SU1638||||||||||||||1.25|||||0.17||||||||||0.35||||0.17||||||0.53|
SU1639||||0.48||||||||||8.29|||||||||||||||0.97||||4.39||||||2.44|
SU1640||||||||||||||1.84||||||||||||||2.76|||||0.46||||||1.38|
SU1641||||||||||||||5.75|0.76||||||||||||||||||0.76||||||0.38|
SU1642||||||||||||||2.37|||||||||||||||0.39||||0.39|||||||
SU1643||||||||||||||3.51|||||||||||||||||||||||||2.01|
SU1644||||||||||||||2.10|0.42|||||||||||||0.84||||||||||||
SU1645||||||||||||||2.19|0.43||||0.43||||||||0.43|1.31|||||0.43|0.43||||||
SU1646||||||||||0.51|1.55|1.03||16.03||||||0.51||||||||||||||||||5.17|3.62|0.51
SU1647||||||||2.06|||0.68|||53.66|||||11.69|0.68|||||||||0.68||||1.37|||||||
SU1648||||||||||||||24.45||||||||||||||2.44||||2.44|6.11|||||15.89|2.44|
SU1649|||||||||||1.14|||19.46|2.28|||||||||||||4.57|||||2.28|||||1.14|1.14|
SU1650||||||||||||||10.78|3.23|||||||||||||0.53|||||1.07||||||0.53|
SU1651||||||||||||||12.35|1.64||||||||||||||0.82||||4.11|||||13.17|6.58|
SU1652||||||||||||||2.28|||||||||||||0.25||0.50||||||||||0.76|
SU1653||||||||||||||1.95|0.65||||||||||||||||||0.65|||||||
SU1654||||||||||||||0.46||||||||||||||1.87|1.40||||||||||0.93|
SU1655||||||||||||||4.49|1.12|||||||||||||3.37|||||1.12||||||2.24|
SU1656||||||||||||||2.53||||||||||||||3.17|3.17||||0.63|||||||
SU1657||||||||||||||1.63|||||||||||||||1.63|||0.40|||||||0.40|
SU1658||||||||||||||0.15|0.45|||0.15||||||||||0.45|0.91||||||||||0.30|
SU1659|||||||||||||||||||||||||||||0.19|||||||||||
SU1660||||||||||||||2.00||||||||||||||0.66|0.66|||||||||||
SU1661||||||||||||||5.58||||||||||||||1.01|1.01||||0.50|||||||
SU1662||||||||||||||1.03||||||||||||||0.25|0.25||||||||||0.25|
SU1663|||||||||||0.46|||2.78||||||||||||||0.46|||||0.46|||||||
SU1664||||||||||||||1.51|||||||||||||||0.16||||0.50|||||||
SU1665||||||||||||||3.42|0.97|||||||||||||||||||||||||
SU1666||||||||||||||4.14|||||||||||||||2.07||||0.41||||||0.41|
SU1667||||||||||||0.05||||||||||||||||0.16|0.05|||||||||||
SU1668|||||||||||||||||||||||||||||||||0.09|||||0.58||
SU1669||||||||||||||0.09||||||||||||||0.19|0.19|||||||||||
SU1670||||||||||||||||||||||||||||||||||||||0.07||
SU1671|||||||||||||||||||||||||||||0.14|||||||||0.14||
SU1673||||||||||||||0.26||||||||||||||0.78||||||||||||
SU1676|||||||||||0.40|||5.72|1.22|||||||||||||||||||||||0.40||
SU1677||||||||||||||0.30|0.15|||0.15|||||||||||||||0.15||||||0.30|
SU1679||||||||||||||0.11||||||0.11||0.11||||||||||||||||||
SU1680|||||||||||0.20|||0.61|0.10|||||||||||||||||||||||0.20||
SU1682||||||||||||||0.45||||||||||||||||||||||||||
SU1683||||||||||||||0.70||||||||||||||||||||||||1.40||
SU1684|||||||||||1.89||||||||1.26|||||||||10.72|||||6.30||||||3.78|
SU1685||||||||||||||||||||||||||||2.73||||||||||0.45||
SU1686||||||||||||||||||||||||||||||||0.44||||||||
SU1687||||||||||||||0.67||||||||||||||0.67|0.33||||0.67||||||0.67|
SU1688|||||||||||0.57|||6.92||||||||||||||3.46|1.15|||0.57|1.15|||||0.57||
SU1689|||||||||||1.58|||||||||||||||||4.74|1.58|||||||||0.79||
SU1690|||||||||||||||||||||||||||||||||||||||0.50|
SU1692|||||||||||0.18|||||||||||||||||||||||||||||
SU1693|||||||||||0.20|||1.20|||||0.20|||||||||||||||||||||
SU1696||||||||||||||0.52|||||||||||||||||||||||||0.52|
SU1697|||||||||||0.74|||1.12||||||||||||||0.37|0.74|||||||||||
SU1698||||||||||||||0.32||||||||||||||||||||||||0.64||
SU1699||||||||||||||17.00|1.54|||||||||||||1.54||||||||||||
SU1700||||||||||||||7.25||||||||||||||1.70|0.85|||||||||||
SU1701|||||||||||10.20||||1.27|||||||||||||0.63|0.63||||1.27|||||||
SU1702||||||||||||||11.00|0.73||||||||||||0.36||0.73|||||||||||
SU1703|||||||||||0.19||||0.19|||||||||||||0.57|||||||||||0.19|
SU1704||||||||||||||0.92|||||||||||||||0.92||||0.69|||||||
SU1705||||||||||||||8.72||||||||||||||1.09||||0.54|1.09|||||||
SU1706||||||||||||||3.66|0.24|||||||||||||0.48|0.24|||||||||||
SU1707||||||||||||||10.44|0.32||||||||||||||||||||||||0.97|
SU1708|||||||||||1.58|||1.19|||||||0.39||||||||||||||||||1.19|
SU1709||||||||||0.88|0.88|||4.42|0.44|||||||||||||||||||||||||0.88
SU1710||||||||||||||||||||||||||||0.44|2.44|||0.22|0.88|||||||
SU1908|||||||||||0.11|||0.45|0.34||||||||||||||0.45||||0.11||||||0.11|
SU1909||||||||||||||||||||||||||||0.39||||||||||0.09||
SU1910|||||||||||||||||||||||||||||||||0.12|||||||
SU1911|||||||||||0.12|||||||||||||||||1.09|||||0.12|||||||
SU1914|||||||||||0.07|||0.07||||||||||||||0.07|||||0.07|||||||
SU1915||||||||||0.80|1.80|0.20||7.44|0.80|||0.20|0.40||||||||||0.20||||1.20|||0.20||0.20|1.40|
SU1916|||||||||||0.34|||6.23||||||||0.34||||||0.34|||||0.69|||||||0.34
SU1917|||||||||||0.33|||3.57|0.11||||0.22|||0.11|||||||||||||||||0.22|0.11
SU1918||||||||||0.33|1.01|0.16||6.77|0.33|||||||||||||0.16|0.33|||0.33||||||1.18||
SU1919|||||||||||0.12|||0.25|||||0.12|||||||||0.62||||||||||0.37||
SU1920||||||||||0.07||||0.38||||||||||||||0.31|||||0.07|||||0.15||
SU2001|||||||||||||||||||||||||||0.36|||||4.79|2.57|0.36||||||
SU2002|||||||||||2.99|||0.59|||||1.19|||1.79|||||0.59||2.39||0.59|3.59|16.76|0.59||||2.99||
SU2003|||||||||||7.26|||1.95|2.23|||||0.27||0.27|||||0.55|0.83|0.55|0.27||3.91|3.07|0.55|||||0.55|
SU2004|||||||||||3.55||||0.41||||0.62|||0.62||||||0.62|0.83||0.83|3.76|3.13|||||2.51||
SU2005||||||||||||||3.77||||||0.75||0.75||||||||||3.77|5.28||||||3.01|
SU2006|||||3.65|||||||||||1.21||||||||||||||||||1.21||||||
SU2007|||0.41|||||||0.41|11.33|||2.09|1.67|||0.41|0.41|||||0.41||0.41||5.87|0.41|||3.77|5.45|||||1.25|0.83|
SU2008||||0.77||||||0.77|5.45|||1.55||||0.77|0.77||0.77|7.78||1.55|0.77|8.56|2.33|35.81|3.89|||4.67|14.01||||||1.55|
SU2009||||0.35||||||0.35|3.92|0.35|||1.07||||0.35|||5.35||0.35||||23.91|1.07|||0.35|5.71|||||0.35|1.07|
SU2010|||||||||||4.26|||1.60|||||0.53|1.06|0.53|4.26||||8.53|2.66|22.40|2.13|||2.66|13.33|0.53|||||0.53|
SU2011||||||||||||||8.17|0.58||||0.58|1.75|0.58|2.91||1.16|0.58|0.58||18.09|3.50|||1.16|9.92|0.58|||||1.16|
SU2012|||||0.88|||||||||||0.53||||||||||||||||||0.88||||||
SU2013|||||||||||3.58|0.32||10.76|0.97|||0.97|0.32|||0.97|||||0.97|1.30|0.32|||1.30|4.24||||||0.32|
SU2014|||||||||||1.39|||2.78||||||||1.16||0.23||||5.10|0.23||0.23|1.39|2.78|0.23|||||0.23|
SU2015||||||||||0.17|2.10|||1.92|1.22||||||||||||0.35|1.22|0.35||||0.87|0.17||0.35||0.52|0.17|0.52
SU2016||||||||0.28|||13.61||||4.63||||0.57|||1.73||0.28||0.28|2.89|13.03|1.15|0.28|0.57||9.27|||0.28||0.28|0.28|0.28
SU2017||||||||||0.35|7.51|0.71||2.14|2.14|||0.35|0.35||0.71|1.07||||0.35|1.78|5.36|2.14||0.71|0.35|8.23||||||0.71|
SU2018|||||||||||3.47|0.21||1.30|||||||0.43|0.65||0.21||0.21|2.17|1.08|0.21|||4.12|5.86||||||0.43|
SU2019||||||||||||||0.94||||||||0.62||0.94|||0.62|6.28||||1.57|5.97|||||5.66||
SU2020|||||||||||12.42|0.54||13.50|||||1.62|||5.40|||0.54|2.16|1.08|1.08|0.54||0.54|0.54|10.80|||||0.54||
SU2021||||||||1.00|||3.02|||16.12|3.02|||||2.01|1.00|2.01||||||5.03|4.03|||8.06|15.11|||||||
SU2022|||||||||||3.78|||8.69|0.75||||0.37||0.37|3.40||||0.75||7.18|0.75|||0.75|3.40|||||||
SU2023||||||||||||||0.47|||||0.11|||||||||||||||||||||
SU2024|||||||||||5.04|||0.63|3.78|||0.63||0.63||||0.63|||0.63|2.52|||||1.89|||||1.89|1.89|
SU2025|||||||||||10.44|||11.18|2.23|||1.49|||||||||||||||2.23|||||||
SU2026|||||||||||0.87||||||||||0.29|||0.29|||||||||0.29|||0.29||1.16||
SU2027||||||||||0.51|3.06|||3.57|2.04|||||||0.51||||||2.55|1.53|||0.51|3.57|||||||
SU2028|||||||||||4.25|||5.31|0.53||||||||||||||0.53||||2.12|||||1.59|0.53|
SU2029|||||16.11||||||4.02|||6.04|1.00|||||||||||1.00||1.00|3.02||1.00||1.00|2.01||||||1.00
SU2030|||||4.79||||||0.87|||0.87||||0.43|||||||||0.43||||1.30|0.43|1.30|1.74|||||1.30|
SU2031|||||2.07||||||2.77|||2.42|||||||||||||||0.34||||1.03|0.34||||||
SU2032|||||||||||0.12||||||||0.12|||||||||0.12|0.24||||0.24|||||||
SU2033|||||||||||5.10|||||||||0.51|||||||2.55|9.19|||||0.51|||||||
SU2034|||||0.99|||||0.49|4.46|||4.46|||||||||||||1.98|0.49|0.49||||4.96|11.41|0.49||0.99|||0.99
SU2035||||||||||0.35|0.17||||||||||||||||||0.17|||||||||0.35|0.17|
SU2036||||||||||0.08|0.16|||0.08||||||||||||||0.16||||||0.16||||||
SU2037||||||||||0.27|1.67|||0.55||||||||||||||||||||0.83||||||
SU2038||||||||||||||0.35||||||||||||||||||||||||||
Su2041||||||||||0.13|0.13|||0.41|0.27|||||||||||||||||||||||||
SU2042||||||||||0.37|1.12|0.37||3.36|0.74||||0.37||||||||||1.49|||1.12|0.37|||||||
SU2045||||||||||||||0.04||||||||||||||||||||||||||
SU2046|||||||||||0.33||||0.50||||||||||||||0.33|||||||||||
SU2047||||||||||0.08|0.08|||0.08|||||||||||||||0.08||||0.08|||||||
SU2048|||||||||||0.27|||0.27|0.55|||||||||||||||||||||||||
SU2049||||||||||||||||||||||||||||0.75|0.37|||||||||0.75||
SU2050|||||||||||12.08|0.86||12.95|5.18||||0.86||||||||||||||0.86|||||1.72|0.86|0.86
SU2051||||||||0.40||1.22|8.17|||8.58|3.67||||0.40||||||||||||||0.81||||||0.81|
SU2052|||||||||||4.17|||8.95|0.59||||0.59||||||||||1.19|||0.59||||||||
SU2053|||||||||||2.20|||1.71|0.98|||||||0.24||||||||||0.24|0.24|||||||
SU2054|||||||||||7.62|||7.14|1.90||||0.47|||||||0.47|0.47||0.47|||0.47|0.47|||||||
SU2055|||||0.75||||||7.55|||19.63|0.75|||||||||||0.75|||0.75|||0.75|0.75|||||0.75||
SU2056|||||||||||11.47|||15.00|7.94||||0.88||||||||5.29|6.17|2.64|||3.53|||||||3.53|
SU2057|||||||||||13.21|||10.10|1.55||||||||||||0.77|||||0.77|0.77|||||||
SU2058|||||||||||1.64|||4.12|0.82||||||||||||0.27|0.27|0.82||||2.74||0.27|||0.27||
SU2059|||||||||||||||||||||||||||||0.33|||0.66||||||||
SU2060|||||||||||0.21|||0.21|||||||||||||||0.21||||1.68|||||||
SU2061|||||||||||9.45|||15.76|||||||||||||1.05||4.20|||1.05|5.25||||||1.05|
SU2062|||||||||||||||||||||||||||0.22|0.44|||||0.66||||||0.22|
SU2063|||||||||||0.65|||2.28|0.32|||||||||||0.32|0.65|0.32|0.32|||0.65|1.30|||||||
SU2064|||||||||||18.02|||14.41|2.40||||4.80||1.20|||||1.20|4.80|4.80|1.20||1.20||7.20||||||4.80|
SU2065|||||||||||2.95|||12.39|||||0.59||||||||1.77|1.18|0.59||||4.13|||||0.59|1.18|
SU2066|||||||||||1.17|||2.34|0.88||||0.29||||||||0.29|0.29|0.58||||0.29|||||||
SU2067|||||||||||4.03|||2.41|||||||||||||0.40|0.40|||||1.61|||||0.40||
SU2068|||||||||||1.98|||2.20|0.22||||0.22|||||||||0.22|0.22||||||||||0.44|
SU2069||||||||||0.86|12.16|||5.21|0.43||||0.43|||||||||||||||0.86|||||1.73|
SU2070|||||0.56|||||0.56|19.16|0.56||6.76|6.20|||||||||||||||||||0.56|||||2.25|
SU2071||||0.43|0.43|||0.43||0.43|3.47|||2.60|0.43|||0.43|||0.43||||||1.73|0.86|0.86||||2.60|||||0.43|1.30|
SU2072|||||0.35||||||1.05|||2.82||0.35|||||||||||||||||0.35|||||0.35|0.35|
SU2073||||||||||||||0.66|0.33|||||||||||||||||||||||||
SU2074||||||||||||||0.23|||||||||||||||0.46|||||||||||
SU2075|||||||||||0.17|||0.71||||||||||||||||||||||||0.17||
SU2076||||||||||0.23|0.47|||0.47||||||||||||||0.23|0.47|||||||||||
SU2078|||||||||||0.83|||1.34|||||0.16|||||||||0.67|0.16||||0.33|0.16|||||0.83|
SU2079|||||||||||0.74|||0.93|0.18|||||||||||0.18||0.37|0.55||0.37||0.74|||||0.18|0.37|
SU2080|||||0.14||||||0.43|||0.73||||||||||||||||||0.14|0.43|||||0.14||
SU2081||||||||||0.21|1.31|||1.31|0.21|||||||||||||0.21|0.65||0.21|||0.21||||||
SU2082|||||||||||||||||||||0.47||||||||||||1.42|||||0.47||
SU2083|||||6.45|||||||||||||||||||||||||||||1.01||||||
SU2084|||||7.37|||||||||||2.21|||||||||||||||||3.68|||||||
SU2085|||||10.85|||||0.38|1.55|||||3.10||||||||||||0.38||||||3.48||||0.38||
SU2087|||||||||||0.12|||||||||||||||||||||||||||||
SU2090||||||||||||||||||||||||||||0.17||||||||||||
SU2091||||||||||||||0.02||||||||||||||||||||||||||
SU2095||||||||||||0.07||||||||||||||||||||||||||||
SU2096||||||||||||||||||||||||||||||||||0.06||||||
SU2104|||||13.03||||||0.43|||||0.86||||||||||||||||||2.60||||||
SU2107||||||||||||||||||||||||||||||||||||||0.05||
SU2108|||||||||||0.04|||||||||||||||||||||||0.04||||||
SU2111||||||||||||||0.04||||||||||||||||||||||||||
SU2112|||||||||||||||||||0.05||||||||||||||||||||0.05|
SU2113||||||||||0.32||||0.21|0.10||||0.32|||||||||||||||1.50||||||
SU2114||||||||||||||0.04||||||||||||||||||||||||0.04||
SU2115|||||||||||0.66|||0.16|0.16||||0.16|||||||||||||||0.16||||||
SU2116|||||||||||0.05|||0.05||||||||||||||||||||||||||
SU2121||||||||||||||||||||||||||||||||||0.06||||||
SU2124||||||||0.30|||5.20|||1.22|0.91||||0.91|||||||||||||||0.30|||||1.52|
SU2125||||||||||0.22|2.29|||1.60|||||||||||||0.22||||||||||0.68||0.45|
SU2126|||||||||||0.77||||0.19||||0.19||||||||||||||||||0.19||0.38|
SU2127||||||||||0.43|0.64|||0.21|||||||||||||||||||||||0.21||0.43|
SU2128||||||||||0.97|14.63|||1.46|1.95||||7.80|||||0.48||||8.29|0.97||0.97|0.48|||||||3.41|
SU2129|||||||||||3.82|||0.83||||0.16|0.16||||||||||0.49||||0.33||||||0.83|0.33
SU2130|||||||||||11.68|0.53||1.59||||2.12|1.59|||||||||1.06|||||1.59|0.53|||||2.12|
SU2131||||||||1.21|||24.25|1.21||8.48|7.27|||3.63|1.21||||||||||||||3.63|||||||
SU2132||||||||||0.92|7.83|0.46||0.92|2.30|||0.46|1.38|||||0.46||||4.60||||||0.46|||||0.92|
SU2133||||||||0.84||2.54|16.09|||4.23|||||3.38|||||||||5.08|||||||||0.84||2.54|
SU2134||||||||||1.65|11.18|||2.07|2.48||||2.48||||||||0.41|2.48|||||||||||1.24|0.82
SU2135|||||||||0.64|1.28|6.44|0.64||1.93|||||2.57||||||||||||||2.57||||||0.64|
SU2136||||||||||0.41|6.60|0.82||6.19|1.23|||0.41|0.41|||||||||0.82||||||||||||
SU2137||||||||||0.63|8.94|0.63||1.27||||||||||||||1.91|||||||||||1.27|
SU2138|||||||0.50||1.50|5.02|11.05|||6.52|2.51|||1.00|1.00|||||||||||||||||||||
SU2139||||||||1.09||4.39|29.66|||10.98|2.19||||6.59||1.09|||1.09||||12.08|||||||||||3.29|
SU2140||||||||||0.93|13.08|||4.67|0.93||||11.21||0.93|||||||3.73||||0.93|||||||0.93|
SU2141|||||||||||10.44|||2.08|||||6.96|||||||||0.69|||||||||||3.48|
SU2142||||||||||0.71|6.46|0.35||0.71|2.51|||||||||||||||||||0.35||||||
SU2143|||||||||||0.31||||0.31|||||||||||||||||||||||||
SU2144|||||||||||0.51|||||||0.12||||||||||||||||||||||
SU2145|||||||||||0.16|0.16||||||||||||||||||||||||||||
SU2147|||||||||||0.27||||0.05|||||||||||||||||||||||||
SU2148|||0.10||||||||||||0.30|||||||||||||||||||0.20||||||
SU2149||||||||||||||0.40||||||||||||||||||||||||||
SU2150||||||||||||||0.06||||||||||||||||||||||||||
SU2153|||||||||||||||0.12|||||||||||||||||||||||||
SU2154|||||||||||0.11|||||||||||||||||||||||||||||
SU2160|||||||||||2.94||||0.84||||10.51||||||||||||||||||||3.78|
SU2161|||||||||||1.35||||0.90||||5.86||||||||||||||||||||2.25|0.45
SU2162|||||||||||3.40|||0.34|0.34||||3.06||||||||||||||||||||1.02|
SU2163|||||||||||0.13|||0.13|0.13||||0.55|||||||||||||||||||||
SU2164|||||||||||0.43|||0.14|||||1.16||||||||||||||||||||0.29|
SU2165|||||||||||0.08|||||||||||0.08||||||||||||||||||
SU2168||||||||||||||||||||||||||||||||||0.05||||||
SU2171|||||1.08||||0.27|0.81|4.87|||2.43|1.08|0.54|||0.27|||||||||0.27||||||5.14|||||0.54|0.54
SU2172|||||1.06|||||0.35|2.30|0.17||1.77||1.06|||0.35|||||||||0.17|||0.17|||1.24||0.71|0.17|||
SU2173|||||1.17|||||0.39|1.43|||0.26||1.30||||||||||||||||||0.78||0.13|0.13|||
SU2174|||||1.34||||||0.44|||0.89||1.34||||||||||||||||||3.14||||||
SU2175|||||1.01|||||0.11||||0.33|||||||||||||0.11|||||||||||||
SU2176||||||||||1.57|7.09|||1.18||||0.39|0.39||||||||1.18|0.78|0.39||||0.78|1.97||0.39|0.39||1.18|
SU2177||||||||||1.32|6.90|||2.39|1.32|0.26|||0.79|||||||||0.26||||||||0.26|||0.26|
SU2178||||||||||0.09|0.68||||0.29||||0.19|||0.09||||||0.39||||||||||||
SU2179|||||||||||0.95|||0.42|||||0.10|||||||||||||||0.10|||0.10|||
SU2180|||||||||||0.48|||0.32|0.32|||||||||||||0.32|||||||||0.32|||
SU2181|||||||||||0.20|||||||||||||||||||||||||||||
SU2182||||||||||||||0.15|||||||||||||0.07|||||||||||||
SU2183||||||||||||||||||||||||||||0.30||||||||||||
SU2185|||||||||||||||||||||||||||||||||0.26|||||||
SU2187||||||||0.52|||25.72|||1.57||||1.57|10.49||||||||||||||||||||14.17|
SU2188|||1.16|||||||4.67|19.85|||12.84||||2.33|2.33|||4.67||4.67|||5.83|22.18|||||17.51|17.51||15.18|10.51|||21.02
SU2189|||0.59|||||||0.29|1.78|||2.97|0.29||||||||||||0.59|0.59||||0.29|1.18|2.07|||0.29||0.29|
SU2190||||||||0.39||0.78|12.58|0.39||9.43|2.35|||0.39|0.39|||||||||1.96|0.78||||0.39|1.17||||0.78|1.96|0.39
SU2191|||0.41|||||||0.82|6.60|||7.84|2.88|||1.23|1.23|||||0.82|||0.41|1.65|1.23|||||2.88||||0.82|1.23|
SU2301|||||||||||1.02|||2.04|0.51|||||||||||4.09|3.58|14.85||||||||||1.53||
SU2302|||||||||||0.74||||||||0.37|||2.99||||4.49|1.49|29.57||||3.36|0.37||||||3.36|
SU2303|||||||||||1.72|||0.86||||||||||||0.86||3.44|||||6.03||||||3.44|
SU2304||||||||||||||||||||||1.44||||0.36|2.52|10.82|0.36|||1.44||||||||
SU2305||||||||||||||0.44|||||||||||||0.88|8.00|1.77|||0.44|8.00|||||2.22||
SU2325||||||||||||||0.39||||||||||||||0.09||||0.09||||||||
SU2326||||||||||||||0.25||||||||||||||0.50|||||||||||0.75|
SU2327|||||||||||0.29||||||||||||||||0.14|0.29|0.14||||||||||0.14|
SU2328||||||||||||||||||||||||||||0.80||||||||||||
SU2329||||||||||||||0.97||||||||||||||||||||||||||
SU2349||||||||||||||||||||||||||||1.12||||||||||||
SU2351||||||||||||||||||||||||||||||||||||||0.23||
SU2385||||||||||||||0.09||||||||||||||||||||||||||
SU2389||||||||||||||0.37||||||||||||||||||||||||||
SU2402||||||||||||||0.29|||||||||||||0.14|||||||||||||
SU2406||||||||||||||0.09||||||||||||||||||||||||||
SU2601||||||||0.53||0.53|3.20||0.53||4.27||||0.53|||||||||3.73||||||||||0.53||
SU2602|||||||||||1.44|||3.62|2.53||||||||||||||0.36|||||||||0.72||
SU2603|||||||||||24.47|||19.22|17.47||||3.49|||||||||||||||||||1.74|1.74|
SU2604|||||||||||38.08||2.11|23.27|80.40||||19.04|||||||||||||||||||42.31|21.15|
SU2605||||||||16.61|||170.32||||186.94|||54.00|99.70|||||||||||||||||||112.16|132.93|
SU2606|||||||||||76.15|||13.84|89.99||||20.76||||||||6.92|||||||||||69.22|48.46|
SU2608|||||||||||1.40|||1.40|4.21||||||||||||||1.40|||||||||||
SU2609||||||||||||||||||||||||||||1.30|1.30|||||||||||
SU2610||||||||||||||1.04||||||||||||||||||||||||||
SU2612||||||||0.49|||0.49|||||||||||||||||||||||||||||
SU2613|||||||||||0.37||||0.37|||||||||||||||||||||||||
SU2614|||||||||||||||0.67|||||||||||||||||||||||||
SU2617|||||||||||0.38|||0.38|||||||||||||||||||||||||0.19|
SU2618|||||||||||0.96|||1.20||||||||||||||||||||||||0.48||
SU2619||||||||0.26|||0.52|||0.52|0.26||||||||||||||||||0.52||||||0.26|
SU2620||||||||||||||0.10|||||||||||||||||||||||||0.21|
SU2621|||||||||||0.24||||||||||||||||||||||||||||0.49|
SU2624||||||||||||||0.36||||||||||||||1.08|4.68|||||||||||
SU2625|||||||||||0.48|||||0.48|||||||||||||2.42||||0.48|||||||
SU2627|||||||||||0.15|||||||||||||||||||||||||||||
SU2632||||||||13.59|||176.75|5.82||71.86|85.46|||13.59|79.63|||||1.94||||||||||||||25.25|40.78|
SU2633||||||||1.10|||16.62|||12.19|6.09|||1.66|0.55||||||||||1.10||||2.21||||||1.66|
SU2634||||||||0.65|||16.26|3.25||18.21|11.05|||1.30|1.95|||||||||||||||||||2.60|5.20|0.65
SU2635||||||||9.68|||22.59|1.61||22.59|15.33||0.80|8.87|0.80||||||||||0.80|||||||||1.61|12.10|
SU2636||||||||0.64|||3.24|||2.92|0.64||||||||||||||0.64|||||||||0.97|1.62|
SU2637|||||||||||64.02|7.11||21.34|28.45||||14.22||||||||||||||||||||28.45|
SU2638|||||||||||60.10|||24.04|20.03||||||||||||||||||4.00||||||32.05|
SU2639|||||||||||40.52|||40.52|24.31|||2.02|8.10|||||||||4.05||||||||||2.02|22.29|
SU2640||||||||3.42|||22.23|||18.81|20.52||1.71|1.71|1.71|||||||||1.71||1.71|||||||||8.55|
SU2641|||||||||||52.04|2.47||37.17|34.69|||9.91|22.30|||||||||||||||||||2.47|42.13|
SU2642||||||||2.30|||57.66|||76.11|36.90|||2.30|13.83|||||||||||||||||||4.61|41.51|
SU2643|||||||||||56.05|||53.71|25.69||||9.34|||||||||2.33|||||||||||23.35|
SU2644|||||||||||77.62|||14.78|||||3.69||||||||||||||||||||36.96|
SU2645||||||||5.47|||71.11|||49.23|38.29|||5.47|5.47|||||||||5.47|||||5.47||||||16.41|
SU2646|||||||||||3.40|||2.04|0.68||||||||||||||2.72||||0.68|||||||
SU2647|||||||||||4.13|||4.96||||||||||||||0.82|2.48||0.82|0.82|||||||3.30|
SU2648||||||||13.99||6.99|209.90|||111.94|132.93|||6.99|69.96|||||||||||||||||||6.99|69.96|
SU2649|||||||||||1.52|||1.52|3.04|||||||||||||||||||||||||
SU2650|||||||||||3.15|||2.10||||||||||||||1.05||||||||||||
SU2651|||||||||||3.79|||3.79|3.79|||||||||||||||||||||||||1.26
SU2652|||||||||||9.40|||6.71|2.68||||1.34|||||||||1.34|||||||||||5.37|
SU2653|||||||||||4.38|2.19||27.43|9.87||||2.19||||||||||||||||||||6.58|
SU2654||||||||||2.56|14.56|||17.98|3.42|||0.85|||||||||||||||||||||2.56|
SU2655||||||||3.31|||36.51|6.63||63.07|13.27|||9.95|||||||||||||||||||||16.59|
SU2656|||||||||||34.20|||31.92|34.20|||2.28|||||||||||||||||||||15.96|
SU2657||||||||4.73|||85.28|18.95|4.73|37.90|33.16||||4.73||||||||||||||||||||23.68|
SU2658||||||||6.43||3.21|38.58|6.43||70.74|32.15||||3.21|||||||3.21|||||||||||||16.07|
SU2659||||||||5.80|||92.87|5.80||58.04|63.85|||23.21|17.41||||||||||||||||||||75.45|
SU2660||||||||4.21|||67.45|||29.51|29.51|||12.64|12.64||||||||||||||||||||29.51|
SU2666|||||||||||0.33|||0.99||||||||||||||||||||||||||
SU2667||||||||||||||0.12||||||||||||||||||||||||||
SU2669|||||||||||0.67|||0.45||||||||||||||0.22|0.45||||0.22|||||||
SU2671||||||||||||||0.28||||||||||||||||||||||||||
SU2901||||||||||||||||||||||||||||0.45||||||0.12||||||
SU2902|||0.14|||||||||||||||||||||||||||||||||||||
SU2903||||||||||||||||||||||||||||0.08||||||||||||
SU2904||||||||||||||1.05|||||||||||||||||||0.11|||||||
SU2905||||||||||||||0.09||||||||||||||||||||||||||
SU2906||||||||||||||0.13||||||||||||||||||||||||||
SU2907|||||||||||0.23||||0.23|||||||||||||||||0.11||||||||
SU2908|||||||||||0.59|||1.89|0.59|||||||||||||0.11||||0.11|||||||0.11|
SU2909||||||||||||||0.20||||||||||||||||||||||||0.10|0.10|
SU2914|||||||||||0.50|||1.85|0.16|||||||||||0.50|0.33|0.33|1.68||0.50|0.16|1.51|||||||
SU2915|||||||||||0.55|||0.96|0.13|||||||||||||0.69|0.83|||0.13|0.13|||||||
SU2916|||||||||||0.17|||0.17|0.34|||||||||||||||||||||||||
SU2918|||||||||||0.15|||||||||||||||||||||||||||||
SU2922|||||||||||||||||||||||||||||||||0.23|||||||
SU2925|||||||||||0.92|||3.23||||||||||||0.46|1.84|0.92|2.30||||2.77|||||0.46||
SU2926|||||||||||1.39||||||||||||||||||2.32||||0.92|||||||
SU2927|||||||||||3.50|||3.50||||||||||||2.10|0.70|3.50|6.30|||0.70|2.80|||||||
SU2928||||||||||||||1.86||0.62||0.31||||0.31|||||0.31|0.62|1.55|||0.31|0.62|||||||
SU2934||||||||||||||0.15||||||||||||||||||||||||||
SU2935||||||||||||||1.28||||||||||||||||||||||||||
SU2936||||||||||||||||||||||||||||||||0.18||||||||
SU2944|||||||||||0.06|||0.12|0.19|||||||||||||||||||||||||
SU2945|||||||||||0.08|||0.08|0.08|||||||||||||||||||||||||
SU2948|||||||||||0.08||||||||||||||||||0.04|||||||||||
SU2950|||||||||||||||||||||||||||||0.72|||||||||||
SU2951|||||||||||||||||||||||||||||||||0.27|||||0.27||
SU2964|||||||||||6.13|||1.65|0.23|||||||||||0.23|0.94|1.18|2.59||||1.65||||1.18||0.70|
SU3000||||||||||||||0.03||||||||||||||0.03||||||||||||
SU3001|||0.08|||||||||||||||||||||||||||||||||||||
SU3002||||||||||||||||||||||||||||||||||0.03||0.03||||
SU3003|||0.09|||||||||||||||||||||||||0.14||||||||||||
SU3004||||||||||||||||||||||||||||||||||0.11|||0.05|||
SU3005|||1.04||0.34|||||||||||||||||||||||||||||1.04||0.52||||
SU3006|||0.19|||||||||||||||||||||||||0.04||||||0.14|||0.04|||
SU3007||||||||||||||||||||||||||||0.25||||0.05||||||||
SU3008|||0.58|||||||0.14|0.14|||||||||0.29||||||||0.87||||||0.14||||||
SU3009||||||||||||||||||||||||||||0.11||||||0.35|||0.23|||0.11
SU3010||||||||||||||||||||||||0.11||||0.44||||||||||||
SU3012||||||||||||||||||||||||||||0.08|0.04|||||||||||
SU3013|||||||||||||||||||0.08|||||||||0.34||||0.08||||||||
SU3014|0.12|||||||||0.12|0.12||||||||||||||||||||||||||0.24|||
SU3015|||||||||||0.13|||||||||||||||||||||||0.06|||0.40|||
SU3016|||||||||||1.46|||1.99|0.79||||0.26|||||||0.39||0.53||||||1.06||||||
SU3017|||||||||||0.88|0.14|||0.14|||||||||||||0.29||||||||||||
SU3018|||0.13||||||||3.02|||1.84|1.18||0.13|0.39||||||||||0.65||||0.13||1.05|||||0.13|0.26
SU3019|||0.44||||||||1.18|||0.88||||||||||||||0.59||||0.14|||||||0.29|0.14
SU3020|||||||||||0.15||||||||||||||||||0.05|||||0.20|||0.41|||
SU3021|||0.09|||||||0.59|1.59|||1.19||||||||||||||0.79||||||0.09||||||
SU3023|||||||||||0.12|||0.12|||||||||||||||0.12|||||||||||
SU3024|||||||||||0.34|||0.63||||||||||||0.04|0.09|0.34|0.04|||0.04||||||||
SU3025|||||||||||0.20||||0.05||||0.05|||||||||0.05||||||||||||
SU3026|||||||||||0.12|||0.06|||||||||||||||||||||||||0.06|
SU3027|||||||||||0.21|||0.21||||||||||||||||||||||||||
SU3028|||||||||||0.24|||0.48|||||0.12||0.12|||||||0.72||||||||||||
SU3030||||||||||||||||||||||||||||0.15||||||||||||
SU3031||||||||||||||0.48||||||||||||||||||||0.48|||0.16|||0.32
SU3032||||||||||||||||||||||||||||||||||0.50||||||0.12
SU3033||||||||0.25|||5.51|0.25||0.50|2.25||||1.25|||||||||||0.25|||||||||0.25|
SU3034|||||||||||7.44|||0.48|1.20|||||||||||||||||||||||0.24|4.08|
SU3035|||||||||||2.04|||0.93|0.25||||0.17|||||||||||0.08|||0.08||||||0.76|
SU3036||||||||0.30|||9.57|0.30||2.16|1.54||||||||||||||||||||||||6.79|
SU3037||||||||1.00|||12.58||||3.52||||2.51||||||||||||||||||||0.50|
SU3038|||||||||||7.52|||1.88|5.17||||0.94||||||||||||||||||||3.29|
SU3039||||||||0.83|||6.68|||1.11|1.11||0.27||0.83||||||||||||||0.27||||||1.95|
SU3040||||||||0.17|||3.95||||0.89||||0.17|||||||||||0.17|||||||||2.69|
SU3041|||||||||||2.29|0.15|||0.61||||||||||||||||||0.15||||||0.15|
SU3042|||||||||||1.71|||0.15|0.31||||0.15|||||||||||||||||||||
SU3043||||||||0.08|||0.83|||0.16|0.25|||||||||||||||||||||||||
SU3044|||||||||||1.85||||0.92||||0.18||||||||||||||||||||0.18|
SU3045||||||||0.09|||0.67|||0.09|0.19|||||||0.09|||||||||||||||||0.09|
SU3046||||||||0.12|||0.16|||0.16|0.16|||||||||||||||||0.04|||||||0.08|
SU3047|||||||||||0.07||||0.18|||||||||||||||||||||||||
SU3048|||||||||||0.03||||0.03|||||||||||||||||||||||||
SU3050|||||||||||0.03||||0.03|||||||||||||||||||||||||
SU3051||||||||||||||0.11||||||||||||||||||||||||||
SU3052||||||||||||||0.08||||||||||||||||||||||||||
SU3053|||||||||||0.05|||0.16|0.05|||||||||||||||||||||||||
SU3054||||||||||||||0.35||||||||||||||0.05||||||||||||
SU3055||||||||||||||0.08|0.04|||||||||||||||||||||||||
SU3056|||||||||||0.05|||0.10|0.10|||||||||||||||||||||||||
SU3057|||||||||||2.32|0.29||0.72|1.16|||||||||||||||||||||||||
SU3058|||||||||||2.57|||2.35|||||0.21|||||||||0.21||||||||||||
SU3059|||||||||||0.04||||0.02|||||||||||||||||||||||||
SU3060|||||||||||||||0.02|||||||||||||||||||||||||
SU3061||||||||||||||0.15|||||||||||||||||||||||||0.05|
SU3063|||||||||||0.03||||||||||||||||||||||||||||0.03|
SU3064|||||||||||0.10|||0.03||||||||||||||||||||||||||
SU3065|||||||||||0.12|||0.06||||||||||||||||||||||||||
SU3066|||||||||||0.02|||||||||||||||||||||||||||||
SU3067|||||||||||0.06||||0.13|||||||||||||||||||||||||
SU3068|||||||||||||||0.07|||||||||||||||||||||||||
SU3069|||||||||||0.70|||0.86|0.70|||||0.07||||||||0.70||||0.07|0.07|||||||
SU3070|||||||||||3.24||||2.26||||0.16|0.16||||||0.16||2.59||||0.64|||||||0.32|
SU3071|||||||||||8.37|0.26||0.26|2.87||||0.52|||||||0.52|0.26|7.85|0.52|||1.30|0.52||||||3.14|
SU3072|||||||||||6.24|||0.29|2.37||||0.29|||0.29||||0.59|0.29|7.43||||0.59|||||||0.29|
SU3073|||||||||||13.65||||3.23|||0.35|0.71||||||||1.07|6.46||||1.07|||||||1.43|
SU3074||||||||1.16||||0.38||12.41|5.04|||1.16|1.16|||1.16|||||0.38|10.08||||1.16|0.38||||||3.49|
SU3075|||||||||||8.43||||1.68||||1.68||||||||0.33|8.09||||0.67|||||||1.01|
SU3076||||||||0.20|||1.64|0.20||1.64|||||1.23||||||||0.41|1.03|||||||||||0.82|
SU3077|||||||||||1.42|||0.63|0.47|||0.15||||||||||0.63||||||||||||
SU3078|||||||||||0.34||||||||0.11|||||||||0.11||||0.22||||||||
SU3079|||||||||||0.42||||0.06|||||||||||0.06|||0.36|||||||||||
SU3080|||||||||||0.25|||||||||||0.12|||||0.12|1.00||||0.12||||||||
SU3081|||||||||||0.71||||0.71|||||||0.30|||||0.20|0.81||||||||||0.10||
SU3082|||||||||||0.07|||0.21|0.07|||||||0.43|||||0.07|1.22||||0.14|||||||0.07|
SU3083|||||||||||0.17|||0.08|0.08||||||||||||0.26|1.59||||0.08||||||||
SU3085|||||||||||0.16||||0.08|||||||||||||||||||||||||
SU3086|||||||||||0.13|||||||||||||||||||||||||||||
SU3087||||||||||||||0.28||||||||||||||||||||||||||
SU3088|||||||||||2.83|||1.28|1.28|||||||||||||||||||||||||
SU3089|||||||||||1.58|||0.24|0.60||||0.24|||||||||0.12||||||||||||
SU3090|||||||||||0.16|||||||||||||||||||||||||||||
SU3091|||||||||||0.13|||0.13||||||||||||||||||||||||||
SU3092|||||||||||0.86||||0.32|||||||||||||||||||||||||
SU3093|||||||||||0.77||||0.15|||||||||||0.15|0.15|0.15||||||||||||
SU3094|||||||||||0.66|0.16||0.16|0.49|||||||||||||0.33||0.16|||||||||0.16|
SU3095||||||||||||||0.19||||||||||||||0.19|0.57|||||||||||
SU3097|||3.46|||||||0.18|2.00|||3.28|0.36|||||||||||||||||||0.18|2.92||||0.18|0.54
SU3098|||0.39|||||||0.79|3.59|||1.19|1.79|||||||||||||0.39|0.19|||||||||||1.59
SU3099|||||||||||0.34|||0.34|0.34||||||||||||||||||||||||0.05|
SU3100|||3.93||||||||1.23||||0.49|||||||||||||0.73||||||||||||0.49
