SUNo|Ar|CW|HU|La|LU|PO|Tr|TW|U|Un
SU0001|0.92|0.61|0.61||2.46||0.30|0.46|0.61|
SU0002|3.02|0.37|1.38||4.66||2.14|3.27|0.25|
SU0003|1.89|0.81|3.66||3.11|0.13||0.94|0.27|
SU0004|4.56|1.05|2.45||11.58||1.75|2.10|7.72|
SU0005|2.96|1.48|3.70||4.81||5.18|1.48||
SU0006|1.42|0.20|5.91||3.67||0.40|1.02||
SU0007|3.98||1.83||4.59||1.83|0.91|6.74|
SU0008|9.91||4.40||3.85||3.85|0.55||
SU0009|||0.82||0.54|||0.18||
SU0010|||4.21||1.80||||0.60|0.60
SU0011|0.07|0.07|0.44||1.56|||0.29|0.07|
SU0012|5.62|1.25|16.26||18.76||4.37|8.13||
SU0013|1.82|1.15|2.98||3.31|||0.66||
SU0014|0.76|0.50|2.80||0.89|||0.50||
SU0015|1.15|1.15|3.08||3.86|||1.54||
SU0016|1.20|0.60|1.56||2.16|||0.36||
SU0017|2.63|0.81|3.24||2.23|||0.40|0.20|
SU0018|1.96|0.78|3.15||1.37|||0.98||
SU0019|0.98|0.28|2.24||0.14|||1.82||
SU0020|0.75||0.54||1.08|||0.21||
SU0021|0.98|0.49|0.73||1.71|||0.73|0.24|
SU0022|2.24|1.03|4.14||2.07||0.17|0.51||
SU0023|2.42|3.17|5.03||3.35|||2.05|0.18|
SU0024|4.43|2.62|4.59||5.74|||2.13|0.16|
SU0025|0.76|0.28|1.44||0.28|||1.05||
SU0026|2.41||1.87||1.07|||2.14||
SU0027|2.16||0.57||1.30|||0.28||
SU0028|1.58|0.22|1.58||1.58|||0.90||
SU0029|2.59|0.64|0.97||1.94|||0.32||
SU0030|0.11|0.11|0.46|||||0.23||
SU0031|10.15|10.93|32.02||31.24|||17.18|0.78|
SU0032|1.11|0.89|4.79||4.12|||3.79|0.11|
SU0033|2.76|2.76|6.90||4.69|||3.31||
SU0034|0.58||0.23||0.23|||||
SU0035|0.50||0.12|||||||
SU0036|0.25|0.25|0.25||0.77|||1.29||
SU0037|0.49|0.49|1.49||0.24|||0.49||
SU0038|0.83||0.71||0.47|||0.95||
SU0039|0.60||0.36||0.24|||0.24||
SU0040|24.79|4.95|18.59||37.19|||2.47|1.23|
SU0041|4.10|1.76|29.93||18.78||0.58|3.52||
SU0042||0.14||||||||
SU0043|2.38|2.11|11.92||8.47|||2.11|0.26|
SU0044|5.98|1.49|20.93||6.72|||8.22||
SU0045|2.94|1.63|9.47||12.09|||9.80||
SU0046|1.27|4.23|21.60||3.81|||14.82||
SU0047|2.34|0.91|5.47||4.43|||1.43||
SU0048|2.41|1.61|5.64||6.04|||||
SU0049|0.98|1.12|4.65||2.82|||2.39||
SU0050|0.34||0.17||0.34|||0.17||
SU0051|3.09||5.15||3.09|||11.67||
SU0052|1.60|0.35|4.81||5.17||0.53|2.49|0.17|
SU0053|7.49||8.74||4.99|||8.74|1.24|0.62
SU0054|2.63|7.90|8.55||3.95|||5.26|0.32|0.32
SU0055|0.05|||||||||
SU0058||||||||0.04||
SU0060|7.19|5.03|25.91||21.59||1.43|23.75|0.71|
SU0061|8.68||10.85||6.51|||8.68|1.08|
SU0062|11.57|2.57|11.57||9.00|||5.14|1.28|
SU0063|10.18|10.18|19.10||16.55|||6.36||
SU0064|5.50|1.37|10.32||6.88||1.37|1.37||
SU0065|0.29||0.14|||||0.14||
SU0066|1.32|0.12|2.52||1.32|||1.20||
SU0067|1.12|0.28|5.62||6.46|||2.53||
SU0068|2.03|1.52|10.66||10.66|||1.52||
SU0069|0.27|1.09|2.59||3.28||0.13|3.41||
SU0070|0.11|0.22|2.13||1.12|||0.33||0.11
SU0071|0.14|||||||0.14||
SU0072|0.18||||0.18|||0.37||
SU0073|||0.62||3.43|||1.40||
SU0074|||2.19||2.50|||2.50||
SU0075|||0.41||0.41|||0.20||
SU0076||0.25|5.32||5.19|||1.42||
SU0077|0.08||1.56||1.47|||0.26||
SU0079||0.34|0.69|||||||
SU0081|1.19|0.89|6.99||10.27|||6.10||
SU0082|1.94|1.23|6.36||4.24|||2.12||
SU0083|0.43|0.14|2.60||2.75||0.14|0.43||
SU0084|1.74|1.74|11.32||8.71|||9.29|0.58|
SU0085|1.33|1.11|5.12||3.11|||1.78||
SU0087|0.75|0.15|1.51||0.90|||||
SU0088|0.50|0.50|1.91||0.38|||1.27||
SU0089|2.07||4.45||0.59|||0.89||
SU0090|1.04||1.22||0.17|||0.17||
SU0091|1.52||3.30||1.52|||0.25||
SU0092|3.15||3.86||1.05|||0.35||
SU0093|2.68|0.38|3.45||1.91|||1.53||
SU0094|2.84|4.73|14.84||16.42||0.94|4.10||
SU0095|1.94|1.45|7.04||8.25||0.48|3.39||
SU0098|0.74|0.49|6.17||5.92|||1.97||
SU0099|0.14|0.77|1.13||2.61||0.07|0.14||0.07
SU0100|0.37|0.46|1.87||3.38|||0.18||
SU0103|||1.30||2.52|||0.38||
SU0300|0.49|1.48|3.47||1.98|||||
SU0301|1.01|10.12|11.13||6.07|||1.01||
SU0302|||1.18||0.84|||||
SU0304||0.05|0.10||0.10|||||
SU0305|||||0.09|||||
SU0306|0.13||||0.41|||||
SU0307||0.06||||||||
SU0308|||||0.11|||||
SU0309|0.46|0.04|0.59||0.64|||||
SU0310|0.12|0.38|||0.25|||||
SU0311|||||0.07|||||
SU0320|||||0.05|||||
SU0321|||0.05||0.11|||||
SU0322|||||0.20|||||
SU0323|||||0.08|||||
SU0324|||||0.03|||||
SU0326||0.08|0.16|||||0.08||
SU0327|||0.08|||||0.02||
SU0328|||||0.28|||||
SU0330|||||0.40|||||
SU0331||0.20||||||0.20||
SU0332|||||0.12|||||
SU0334||||||||0.07||
SU0336|||||0.12|||||
SU0337|||||0.08|||||
SU0338|||0.04|||||||
SU0340|||||0.27|||||
SU0341|||0.19|||||||
SU0342|||||0.14|||||
SU0344|0.83||1.66||6.67|||||
SU0345|||6.55||4.16|||1.19|1.19|0.59
SU0346|1.55||14.74||6.20||2.32|3.10||
SU0347|1.85|1.85|12.07||8.36|||4.64||
SU0348||1.51|28.81||12.13|||9.09||
SU0349|2.98|2.98|14.91||7.45||1.49|||
SU0350|0.78|0.78|22.64||0.78|||0.78||
SU0351|1.43|1.43|10.78||4.31|||3.59||
SU0352|1.97||5.92|||||||
SU0353|||0.15||0.07|||||
SU0354|||0.22||0.16|||0.33||
SU0355|24.01|14.19|44.75||29.47|||9.82||
SU0356|5.08|4.06|5.59||3.55|||||
SU0357|5.86|0.97|9.78||12.22|||2.44||
SU0358|9.26||15.75||12.97|||3.70||
SU0359|5.78||11.56||14.45|||1.44||
SU0360|5.12||7.68||7.68|||7.68||
SU0361|10.87||11.71||10.04||0.83|||0.83
SU0362|0.82||12.34||12.34|||3.29||
SU0363|6.94||14.74||13.88|||3.47||
SU0364|27.35|1.47|14.78||14.78|||||
SU0365|1.70|26.50|44.45||68.38|||5.12|11.96|
SU0366|2.35|8.65|29.88||28.31|||2.35|4.71|
SU0370|||||0.07|||||
SU0374||0.14||||||||
SU0382|||||0.08|||||
SU0385|2.73|0.45|0.45||1.36|||||
SU0386|||0.10||0.21|||||
SU0387|||0.11||1.29||||0.11|
SU0391|||0.05|||||||
SU0392|1.16|0.58|8.75||8.17|||1.75||
SU0393|0.31|0.94|4.70||7.21|0.31||2.50||
SU0394||0.31|5.37||1.26|||0.94||
SU0395|0.34||1.04||0.34|||0.52||
SU0601||0.21||||||||
SU0602|||0.09||0.09|||0.09||
SU0603||0.19||||||0.09||
SU0613||0.27|||0.54|||||
SU0614|24.56|42.99|99.49||62.64|||20.88||
SU0615|19.15|35.92|62.26||43.10||2.39|23.94||
SU0616|10.20|25.91|40.83||29.84||0.78|14.92||
SU0617|17.73|32.25|80.63||90.30|||14.51||
SU0618|7.00|3.50|23.94||18.68||1.75|11.09|1.16|
SU0619|6.21|15.52|73.91||32.30||1.86|22.98||
SU0620|5.70|1.90|6.02||4.75|||1.26||
SU0621|7.38|9.23|59.10||35.09|||7.38||
SU0622|12.61|36.57|190.42||51.70||3.78|17.65||
SU0623|1.95|9.79|19.59||27.43|||4.89||
SU0624|||4.35|||||||
SU0625||11.63|27.14||55.58|||2.58||
SU0626|9.47|11.57|47.37||32.63|||23.15||
SU0627|5.54|8.32|19.42||27.74|||13.87||
SU0628|4.11|2.74|12.35||13.72|||1.37||1.37
SU0629|4.61|6.15|16.93||15.39|||1.53||
SU0630|3.64|7.29|31.00||16.41|||||
SU0631|8.29|2.76|19.36||15.21|||4.14||
SU0632||1.29|9.74||1.94|||3.89||
SU0633|2.53||5.58||2.53|||2.02||
SU0634|||0.96||1.92|||3.85||
SU0635||1.56|0.94||3.13|||||
SU0636||0.65|1.62|||||||
SU0637|1.53|0.76|0.25||3.57|||0.76||
SU0638|44.46|22.23|66.69||133.39|||5.55||5.55
SU0639|36.39|23.39|59.79||51.99|||20.79||
Su0640|11.67|4.37|33.55||11.67|||7.29||
SU0652|||||0.10|||||
SU0653||||||||0.11||
SU0654||||||||0.21||
SU0657|||||0.74|||||
SU0658||0.84|0.31||1.26|||0.21||
SU0659|3.68|5.52|14.74||14.74|||2.76||
SU0660|3.31|0.73|2.95||4.05|||1.84||
SU0661|9.57|6.70|15.31||25.85||1.91|4.78||
SU1002|8.41|4.67|42.05||15.88||0.93|5.60||
SU1003|15.73|4.72|25.18||15.73||7.86|11.01||
SU1004|9.26|1.68|24.43||18.53||0.84|8.42||
SU1006|0.81|4.74|4.09||4.41||1.63|4.41||
SU1007|1.97|0.98|0.98||1.80|0.16|0.16|1.64||
SU1008|4.84|2.20|7.92||4.40||0.44|2.64||
SU1009|4.28|2.28|0.57||6.28|||3.71||
SU1010|3.66|6.28|4.19||10.48|||7.86||
SU1011|2.75|3.85|3.85||7.15|||12.11||
SU1012|1.20|2.10|4.20||9.32|||0.90||
SU1013|||2.24||2.91|||1.45||
SU1014||0.11|2.36||2.47|||0.78||0.11
SU1015|10.06|14.63|24.69|1.82|48.47||0.91|29.26||
SU1016|2.07|7.27|4.67||8.57||1.03|6.75||
SU1017|1.83|0.36|6.95||6.22|||2.56||0.36
SU1018|1.49||6.28||3.29|||0.89||
SU1019|0.88||1.54||0.22|||0.66||
SU1020|0.57|1.15|2.87||3.45|||0.57||
SU1021|1.88||2.64||4.15|||||
SU1022|5.89|8.84|12.38||33.62||1.17|20.64||0.58
SU1023|5.33|5.86|15.45|0.53|18.12|||10.12||
SU1024|4.23|11.30|11.30|0.47|24.48||0.47|14.59||
SU1025|7.21|0.84|11.45||9.33||1.69|0.84||
SU1026|0.96|1.61|5.47||10.31|||4.51||0.32
SU1027|0.41||2.93||10.90||0.41|1.25||0.41
SU1028|0.36|0.72|5.46||7.28|||1.45||
SU1029||9.46|6.31||17.35||0.78|10.25||
SU1030|0.58|0.58|15.24||28.72|||2.34||
SU1031|1.84|0.92|5.53||25.84|||2.76||
SU1032|2.24|3.37|7.87||9.55|||3.93||
SU1033|0.47|0.23|||0.95|||0.47||
SU1034|0.78|5.49|14.12||12.55|||7.06||
SU1035|4.09|6.55|11.47||22.12||0.81|10.65||
SU1036|3.64|7.29|13.86||20.43|||7.29||
SU1037|3.68|5.15|6.62||17.66|||11.77||
SU1038|5.68|2.84|16.09||38.82|||21.78||
SU1039|7.72|9.44|35.20||36.92||0.85|20.60||
SU1040|1.99|0.99|6.63||8.95||0.99|4.31||
SU1041|5.07|0.84|11.84||14.37|||1.69||
SU1042|4.65|5.59|33.54||37.27|||9.31||
SU1043|1.59||23.15|0.79|31.93||0.79|3.19||
SU1044|2.46|3.44|17.71||19.18|||6.88||
SU1045|0.22||4.24||4.02|||0.44||
SU1046|2.75|1.22|7.03|0.30|9.17|||3.66|0.30|
SU1047|0.50|2.03|7.64||8.15|||3.05||
SU1048|2.98|1.70|5.97||10.66||0.42|2.98||
SU1049||3.99|5.99||19.99|||4.66||
SU1050|1.49|0.99|8.46||11.45||0.49|3.48||
SU1051|1.18|1.48|1.78||2.67|||0.59||
SU1052|||0.10||0.30|||||
SU1053|1.27|0.63|7.32||11.47|||3.50||
SU1054|3.42|6.85|15.66||30.84|0.48||8.32||
SU1055|1.09||13.13||17.51|||4.92||
SU1056|2.30|2.30|12.07||25.88|||4.02||
SU1057|1.45|2.90|13.81||29.81|||5.81||
SU1058|0.51|1.03|11.90||19.14||0.51|3.62||
SU1059|0.82|3.29|14.82||22.23|||5.76||
SU1060|2.14|4.29|13.60||19.33||0.71|5.73||
SU1061|3.18|11.14|21.49|0.79|54.14||0.79|13.53||
SU1062|1.88|6.26|16.92||33.85|||12.53||
SU1063|2.75|4.13|24.81|0.68|49.62|||17.23||
SU1064|2.82|6.21|12.42|0.56|46.32|0.56||12.99||
SU1065|2.65|4.24|17.52||29.73||0.53|12.21||
SU1066||7.68|29.79||62.48|||4.80||
SU1067|0.55|3.85|22.04||21.49|||2.20|0.55|
SU1068|1.43|7.18|14.36||26.57|||7.90||
SU1069||0.77|4.37||6.17||0.25|0.25||
SU1070||8.34|22.95||42.78||1.04|8.34||
SU1071|0.40|0.40|11.67||9.66|||2.01||
SU1072|2.27|4.09|10.91||15.45|||6.36||
SU1073|2.68|1.34|9.39|0.44|12.52||0.89|7.60||
SU1074|3.43|4.01|8.59||13.75|||5.73||0.57
SU1075||1.61|4.02|0.26|11.80||0.26|4.02||
SU1076|3.45|8.63|12.08||13.81|||6.90||
SU1077|1.80|2.10|2.40||5.10|||1.50||
SU1078|1.22|1.22|2.45||4.91|||0.40||
SU1079|1.06|1.78|12.81|0.35|11.03|||2.49||
SU1080|0.58||8.24||18.85|||2.35||
SU1081||0.27|2.22||2.50|||||
SU1082|6.57|2.19|14.01||15.33||3.50|3.94||
SU1083|18.51|14.10|50.24||44.07||7.05|11.46||
SU1084|0.09||0.19||0.89|||0.09||
SU1085|0.45||4.58||11.45|||0.68||
SU1086|1.35|1.35|31.23||63.83|||6.79||
SU1087|1.89||24.12||17.97||0.94|2.83||
SU1088|1.26|1.26|8.46||9.73|||3.80||
SU1089|1.05||4.75||6.87|||1.05||
SU1091|||0.12||0.25|||||
SU1092|||0.29||0.44|||||
SU1093|||||0.84|||||
SU1094|2.90||7.98||20.32|||5.08||
SU1095|2.82|0.47|11.75||7.52|||3.76||
SU1096||0.76|3.42||0.76|||1.90||
SU1302|0.97|0.08|1.67||0.88|||0.70||
SU1303|1.39|0.42|2.36||0.53|||0.32||
SU1305|2.29|1.14|13.77||9.18||1.14|5.35||
SU1306|2.08|1.85|10.88||10.41||1.15|3.47||
SU1307|1.13|0.18|6.21||5.83||0.18|2.44||
SU1308|5.56|0.55|9.18||8.63||1.11|1.94||
SU1309|0.90|0.90|11.43||2.40|||1.50||0.60
SU1310|0.96|0.76|7.49||9.80||0.19|3.65||
SU1311|1.78|0.44|8.46||8.90||1.33|3.56||
SU1312|0.09|0.09|||0.18|||0.09||
SU1313||0.11|0.44||0.44|||0.11||
SU1314|0.10|0.21|0.53||0.42|||||
SU1315|0.63|0.63|6.95||4.90|0.15|0.15|4.42||
SU1316|0.80|1.38|5.07||6.22||0.34|4.26||
SU1317|4.24|2.12|31.86||58.42|||15.93||
SU1318|1.69|3.38|13.53||27.06|||6.76||
SU1319|1.71|3.42|13.69||26.54|||16.26||
SU1320|2.26|2.26|11.88||25.46||0.56|9.05||
SU1321||0.26|0.34||1.38||0.08|0.17||
SU1322|1.96|0.59|6.49||8.26|||2.55||
SU1323|0.86|0.28|11.83||10.10|||1.44||
SU1324|||5.08||2.70|||0.63||
SU1325|1.11|1.77|11.99||9.77|||6.88||
SU1326||1.22|10.19||16.72|||5.30||
SU1327|1.05|0.35|8.59||5.26|||1.05||
SU1328||0.03|||0.03|||||
SU1329|||||0.06|||||
SU1330|||0.19|0.19|0.06|||||
SU1332|||||0.04|||||
SU1336|||0.05|||||||
SU1337|||||0.06|||||
SU1339||0.04|||0.04|||0.04||
SU1340|||0.09||0.28|||0.04||
SU1341|0.12|0.19|||0.12|||||
SU1342||0.19||||||0.09||
SU1343|||0.14||0.35|||0.07||
SU1344||0.09|0.23||0.09|||||
SU1345||0.09|0.04||0.19|||0.04||
SU1346|||0.18||0.27|||||
SU1347||0.06|||0.18|||0.06||
SU1348||0.11|0.11||0.11|||||
SU1349|0.06|0.06|0.12||0.24|||0.12||
SU1350||0.14|0.09||0.04|||||
SU1351|||0.10||0.25|||0.10||
SU1352|||||0.13|||||
SU1353|||0.13||0.53|||||
SU1354|||0.10||0.41|||||
SU1355|||||0.59|||||
SU1356|||0.27||0.40|||0.06||
SU1357|0.05||0.11||0.40|||0.11||
SU1358|0.23|0.11|||0.92|||0.23||
SU1359|||0.07||0.22|||||
SU1360|0.56||4.53||2.08|||0.37||
SU1361|0.62||0.52||0.31|||0.52||
SU1362|||0.82||0.69|||0.13||
SU1363|1.18||0.70||2.12|||0.23||
SU1364|0.87|0.29|1.74||1.74|||0.58||
SU1365|0.26||0.68||1.10|||0.47||
SU1366|1.04|0.17|1.04||2.61|||0.69||
SU1367|||0.12|||||||
SU1368|0.24|0.24|||0.24|||||
SU1369||0.24|0.24||2.24|||||
SU1370|||0.16||0.16|||||
SU1371|1.51||1.16||1.28|||0.11||
SU1372|||0.20||1.78|||0.20||
SU1377|||||0.17|||||
SU1379|||||0.06|||0.34|0.13|
SU1380||0.23|0.11||0.35|||0.11||
SU1381||2.71|2.86||4.00|||0.57||
SU1382|0.04|0.24|1.16||0.96|||||
SU1383||0.92|5.98||7.83||0.23|0.69||
SU1384|0.06||0.37||0.24|||0.12||
SU1385||0.13|0.13||0.39|||||
SU1386||0.04|0.23|||||||
SU1387||0.05|0.05||0.05|||0.02||
SU1388|||||0.09|||||
SU1602|0.23||0.23||0.39|||||
SU1603|0.73||0.08||0.24|||||
SU1604|0.39||0.52||0.39|||||
SU1605|7.49|1.87|10.16||6.15||0.26|4.01||
SU1606|||||0.19|||||
SU1607|||0.05|||||||
SU1609||||||||0.20||
SU1617|1.32|||||||||
SU1618|||||0.11|||0.11||
SU1620|28.17||31.49||87.84||3.31|18.23||
SU1621|3.44|2.29|4.02||13.20|||1.72||
SU1622|3.05|2.03|6.61||9.15|||0.50||
SU1623|2.79|3.10|6.83||6.52|||1.55||
SU1624|||4.05||2.02|||1.35||
SU1625|||3.16||3.16|||0.45||
SU1626|4.70|3.13|20.38||56.44|||9.40||
SU1628||1.44|2.16||4.69|||0.36||
SU1629|0.21|3.23|1.51||1.29|||0.86||
SU1630|1.68|1.68|4.49||2.24|||||
SU1631|0.52|4.70|3.13||5.75|||0.52||
SU1632||3.11|3.11||24.92|||4.15||
SU1633||1.53|0.92||1.84|||||
SU1634|1.73|6.23|3.81||6.23||0.34|4.15||
SU1635|||0.73||1.83|||0.36||
SU1636||0.67|2.69||6.73|||0.67||
SU1637||1.42|1.90||4.76|||0.95||
SU1638||0.71|0.53||1.07|||0.17||
SU1639|0.97|1.95|6.83||3.90|||2.92||
SU1640||1.38|3.22||1.38|||0.46||
SU1641||0.38|2.30||4.21|||0.76||
SU1642|0.39||0.39||2.37|||||
SU1643||2.01|2.01||1.00|||||0.50
SU1644|||1.68||1.26|||0.42||
SU1645||0.43|1.31||3.06|||0.87||
SU1646|3.62|1.55|8.79||11.38||0.51|2.58||0.51
SU1647|2.06|21.32|25.45||18.57|||3.44||
SU1648|1.22|2.44|13.45||31.79|||4.89||
SU1649|1.14|1.14|4.57||20.60|||4.57||
SU1650|0.53|0.53|2.69||9.17|||3.23||
SU1651|0.82|6.58|4.94||24.70|||1.64||
SU1652|0.50|0.76|0.50||1.77|||0.25||
SU1653|||0.65||1.95|||0.65||
SU1654|0.93|1.40|0.93||0.93|||0.46||
SU1655||2.24|1.12||6.74|||1.12|1.12|
SU1656|2.53||2.53||3.80|||0.63||
SU1657|1.22||1.22||0.81|||0.81||
SU1658|0.91|0.45|0.30||0.15|||0.60||
SU1659||||||||0.19||
SU1660|0.66||||2.67|||||
SU1661|0.50|2.03|2.53||2.03|||1.01||
SU1662|0.51|0.25|0.25||0.77|||||
SU1663|||1.39||2.78|||||
SU1664|0.16|0.50|0.50||0.84|||0.16||
SU1665|||||3.42|||0.97||
SU1666|2.07||1.24||3.31|||0.41||
SU1667|0.05||0.16|||||0.05||
SU1668|||||0.67|||||
SU1669|0.29|0.09|||0.09|||||
SU1670||0.07||||||||
SU1671|0.14||0.14|||||||
SU1673||0.26|0.52||0.26|||||
SU1676|0.40||0.61||5.52|||1.22||
SU1677||0.30|0.15||0.15|||0.45||
SU1679|||||0.11|||0.23||
SU1680|||||1.01|||0.10||
SU1682|||||0.45|||||
SU1683|||2.10|||||||
SU1684|4.41|3.15|11.98||4.41|||||
SU1685|0.45||1.82||0.91|||||
SU1686||||||||0.44||
SU1687|0.33|0.67|1.01||1.01|||||
SU1688|1.73|2.30|2.88||6.92|||0.57||
SU1689|1.58|0.79|2.37||3.16|||0.79||
SU1690||0.50||||||||
SU1692|||0.18|||||||
SU1693|||0.20||1.20|||0.20||
SU1696||0.52|||0.52|||||
SU1697|0.56||||2.24|||0.18||
SU1698||0.64|||0.32|||||
SU1699|||2.57||15.97|||1.54||
SU1700|||0.85||8.10|||0.85||
SU1701||0.63|9.57||1.27|||2.55||
SU1702|||0.36||11.36|||1.10||
SU1703||0.19|0.76|||||0.19||
SU1704|||1.15||0.92|||0.46||
SU1705||1.09|2.72||7.09|||0.54||
SU1706||0.24|0.24||3.66|||0.48||
SU1707||0.97|2.61||7.83|||0.32||
SU1708||1.19|||2.78|||0.39||
SU1709|||||7.07|||0.44||
SU1710|||1.77|||||2.21||
SU1908|0.22|0.11|0.45||0.22|||0.56||
SU1909|0.09||||0.29|||0.09||
SU1910|||||0.12|||||
SU1911|||0.24||0.97|||0.12||
SU1914|||0.29|||||||
SU1915|0.20|1.20|4.42||6.63|||2.41||
SU1916|||1.38||6.58|||0.34||
SU1917|0.11|0.22|1.56||2.34|||0.33||0.11
SU1918|0.33|0.16|2.87||5.75||0.67|0.84||
SU1919|0.50||0.37||0.62|||||
SU1920|0.15||0.23||0.54|||0.07||
SU2001|||3.68||3.68|||0.73||
SU2002|2.99|1.19|11.37||7.18|||8.38|2.99|
SU2003|1.11|2.79|6.14||9.78||0.27|2.23||
SU2004|1.46|1.46|6.69||5.22||0.20|1.88||
SU2005|1.50|1.50|2.26||9.05|||3.01||
SU2006|||3.04||2.43|||0.60||
SU2007|2.93|1.25|9.65||18.05|||2.51|0.83|
SU2008|4.67|2.33|21.80||31.92|||21.02|10.12|
SU2009|1.42|8.92|8.92||18.20|||6.78|0.35|
SU2010|2.66|6.40|9.60||25.07|||12.80|8.53|
SU2011|2.91|7.00|8.75||23.34|||6.41|2.91|
SU2012|||1.06||0.70|||0.53||
SU2013|0.65|1.95|8.48||10.11|||5.21||
SU2014|0.23|0.69|4.40||7.19||0.23|2.55|0.46|
SU2015|0.70|1.05|3.50||3.32|||1.40||
SU2016|0.57|4.34|9.85||18.83|||15.35|0.86|
SU2017|1.07|1.07|5.01||15.39||0.35|11.81|0.35|
SU2018|0.65|1.52|4.34||10.42|||3.47||
SU2019|0.94|1.57|6.60||9.74|||2.83|0.94|
SU2020|1.62|2.70|9.72||24.31|||9.72|3.24|
SU2021|2.01|9.07|10.07|1.00|30.23|||7.05|1.00|
SU2022|0.37|4.15|4.53||13.61|||4.91|2.64|
SU2023|0.11||0.23||0.23|||||
SU2024|1.26|2.52|5.04||7.56||1.26|1.89|0.63|
SU2025||2.23|14.91||8.95|||1.49||
SU2026|||1.74||0.58|||0.58|0.29|
SU2027|0.51|1.02|6.63||6.12|||3.57||
SU2028|1.59|0.53|9.03||1.06||0.53|2.12||
SU2029||3.02|22.15||8.05|||4.02||
SU2030|1.30||5.23||3.92|||2.61|0.43|
SU2031|0.34||5.88||2.77|||||
SU2032|0.36||0.24||0.12|||0.12||
SU2033|2.55|0.51|5.61||5.61|||3.57||
SU2034||0.49|14.39||10.91|||5.95||0.49
SU2035|0.17||0.35||0.70|||||
SU2036|||0.16||0.32||||0.16|
SU2037||0.13|1.25||1.81|||0.13||
SU2038|||||0.35|||||
SU2041||0.13|0.13||0.41|||0.27||
SU2042||0.37|1.86||4.48||0.37|2.24||
SU2045|||||0.04|||||
SU2046|0.16|0.50|||0.33|||0.16||
SU2047|0.08||0.17||0.17|||||
SU2048||0.55|||0.55|||||
SU2049|0.37||0.75||0.75|||||
SU2050|2.59|5.18|6.90||19.85|||1.72||
SU2051|0.81|3.67|9.81||8.17|||1.63||
SU2052|1.19||6.56||6.56|||1.19|0.59|
SU2053||0.49|2.45||1.96|||0.73||
SU2054|0.95|1.90|9.53||5.71|||0.95|0.47|
SU2055|1.51|0.75|19.63||8.30|||1.51|0.75|
SU2056|5.29|6.17|13.24||15.00|||13.24|3.53|
SU2057||0.77|10.10||13.99|||2.33||
SU2058|0.27|0.27|3.57||3.57||0.54|2.74|0.27|
SU2059|0.33||||||||0.66|
SU2060|||1.47||0.63|||0.21||
SU2061|1.05||13.65||13.65|||9.45||
SU2062|0.22||0.44|||||0.66|0.22|
SU2063||0.32|2.61||1.95|||1.30|0.65|
SU2064|6.00|3.60|13.21||22.83|||16.82|2.40|1.20
SU2065|1.77||7.67||10.62|||3.54|1.77|
SU2066|0.58|1.17|2.64||1.17|||0.58||
SU2067|0.40|0.80|4.83||2.41|||0.80||
SU2068|0.22|0.22|3.31||1.10||0.44|0.22||
SU2069|2.17|2.60|6.51||9.12||0.43|0.86||
SU2070|2.81|5.63|12.96||13.53||0.56|1.12||
SU2071|1.30|1.30|3.91||4.78|||5.65||
SU2072|0.35|0.35|2.47||2.47|||||
SU2073|||0.33||0.33||0.33|||
SU2074|0.23||||0.23|||0.23||
SU2075|0.17||0.35||0.53|||||
SU2076|0.47|0.23|0.70||0.47|||||
SU2078|1.00|0.16|1.84||1.34|||0.16||
SU2079|0.93||1.49||1.11||0.18|0.74|0.18|
SU2080|0.14||1.16||0.73|||||
SU2081|0.65|0.21|1.53||1.53|||0.21|0.21|
SU2082|0.47||||1.42|||0.47||
SU2083|||4.41||1.01|||2.03||
SU2084|||5.16||8.11|||||
SU2085|0.38||9.30||7.75|||2.71||
SU2087|||0.12|||||||
SU2090|||||0.17|||||
SU2091|||0.02|||||||
SU2095||||||||0.07||
SU2096|||||0.06|||||
SU2104|||8.25||4.77|||3.91||
SU2107|0.05|||||||||
SU2108|||||0.09|||||
SU2111|||0.04|||||||
SU2112|0.05|0.05||||||||
SU2113|||0.32||1.72||0.21|0.21||
SU2114||0.04|||0.04|||||
SU2115||||0.16|0.82||0.16|0.16||
SU2116|||||0.10|||||
SU2121|||||0.06|||||
SU2124|2.14|0.91|6.11||0.91|||0.30||
SU2125|0.45||2.52||2.29|||0.22||
SU2126|0.58|0.19|0.77||0.19|||||
SU2127|0.21||0.86||0.86|||||
SU2128|8.78|1.95|9.26||8.78||0.48|3.41|8.29|0.48
SU2129|1.16|0.33|2.49||2.82|||0.16||
SU2130|2.12|0.53|10.08||5.30|0.53||3.18|1.06|
SU2131|1.21|4.85|16.97||18.19||2.42|7.27||
SU2132|1.38|2.30|8.29||1.84|0.46|0.46|0.92|5.06|
SU2133|4.23||12.70||11.01||0.84|1.69|5.08|
SU2134|2.48|2.90|7.04||8.28||0.41|1.65|1.65|0.41
SU2135|1.93||5.15||7.08||0.64|1.93||
SU2136|0.41|0.82|4.13||7.84||0.41|2.47|0.82|
SU2137|0.63|0.63|4.47||5.75||1.27|0.63|1.27|
SU2138|0.50|2.51|13.05||8.03||2.00|3.01||
SU2139|7.69||32.96||14.28||4.39|5.49|7.69|
SU2140|9.34|0.93|16.81||3.73||0.93|1.86|3.73|
SU2141|9.04||12.53||||1.39||0.69|
SU2142|0.35|2.15|5.02||2.15|||1.43||
SU2143||0.31|||0.31|||||
SU2144|||||0.51|||0.12||
SU2145|||0.16|||||0.16||
SU2147||0.05|||0.22||0.05|||
SU2148||0.30|0.20||0.10|||||
SU2149|||||0.40|||||
SU2150|||||0.06|||||
SU2153||0.06|||0.06|||||
SU2154|||||0.11|||||
SU2160|12.19||1.26||1.68||1.68|1.26||
SU2161|4.96|0.90|3.15||||0.45|0.90||0.45
SU2162|3.40|1.02|1.70||1.36||0.34|0.34||
SU2163|0.55||0.13||0.13||0.13|||
SU2164|1.31||0.58||||0.14|||
SU2165|||0.08|||||0.08||
SU2168|||||0.05|||||
SU2171||1.08|7.85||7.58||0.27|0.54||0.54
SU2172|||2.84||5.50||0.35|0.71|0.17|
SU2173|||1.95||3.25|||0.39||
SU2174|||3.36||3.81|||||
SU2175|||0.45||1.01|||0.11||
SU2176|0.39|1.57|1.97||9.85||0.39|3.15|0.39|
SU2177|0.26|0.79|4.25||6.64|||1.86||
SU2178|0.09|0.29|0.68||0.49|||0.19||
SU2179|||0.31||1.37|||||
SU2180||0.32|0.64||0.48||||0.32|
SU2181|||0.10||0.10|||||
SU2182|||||0.15|||0.07||
SU2183|||||0.20||||0.10|
SU2185|||||0.26|||||
SU2187|16.27|9.44|13.12||8.92||0.52|5.77||
SU2188||14.01|36.20||57.22|||35.03|19.85|
SU2189|0.59|0.59|2.67||5.04||0.29|1.78|0.29|
SU2190|0.78|3.14|5.89|0.39|18.47||0.39|4.32|0.78|
SU2191|3.30|3.30|4.53||14.85|||3.30|0.82|
SU2301|0.51|3.07|8.19||6.65|||4.09|5.12|
SU2302|4.49|4.11|11.60||15.72|||6.73|4.11|
SU2303|2.58|0.86|5.17||7.76|||||
SU2304||1.44|2.88||7.21|||4.32|1.08|
SU2305|2.66|2.22|8.44||6.22|||1.33|0.88|
SU2325||0.09|0.19||0.19||||0.09|
SU2326|0.25|0.50|0.50||0.25|||||
SU2327|0.29||0.29||0.14|||0.14|0.14|
SU2328|||||0.80|||||
SU2329|||0.64||0.32|||||
SU2349|||0.37||0.75|||||
SU2351|0.23|||||||||
SU2385|||||0.09|||||
SU2389|||0.12||0.12||||0.12|
SU2402|||||0.29|||0.14||
SU2406|||0.09|||||||
SU2601||4.80|3.73||3.73|||1.60||
SU2602||2.53|1.08||4.70|||0.36||
SU2603|5.24|12.23|33.21||13.98||1.74|1.74||
SU2604|31.73|40.20|61.35||50.77||27.50|14.81||
SU2605|91.39|166.17|211.86||145.40||41.54|116.32||
SU2606|48.46|83.07|131.53||48.46|||13.84||
SU2608||4.21|1.40||1.40|||1.40||
SU2609|||||2.60|||||
SU2610|||1.04|||||||
SU2612||||0.49|0.49|||||
SU2613||0.37|||0.37|||||
SU2614||0.67||||||||
SU2617|0.19||0.19||0.58|||||
SU2618|||0.72||1.92|||||
SU2619||0.26|||1.58|||0.52||
SU2620|0.10|0.10|0.10|||||||
SU2621|0.24|0.24|||0.24|||||
SU2624|2.16||0.36||0.36|||2.16|1.08|
SU2625|0.96||0.48||0.96|||1.45||
SU2627|||||0.15|||||
SU2632|58.27|101.00|167.04||122.36||3.88|60.21|1.94|
SU2633|1.66|5.54|12.74||16.06|||6.09||1.10
SU2634|7.80|7.15|17.56||17.56|||11.05||
SU2635|12.91|14.52|25.82||20.98||0.80|21.78||
SU2636|1.62|1.29|3.24||2.92|||1.62||
SU2637|28.45|21.34|71.13||28.45|||14.22||
SU2638|28.05|4.00|32.05||56.10|||20.03||
SU2639|20.26|14.18|44.58||48.63||2.02|14.18||
SU2640|8.55|13.68|35.92||6.84|||17.10||
SU2641|32.21|37.17|69.39||32.21|2.47|4.95|24.78||
SU2642|34.59|29.98|78.41||66.88||9.22|13.83||2.30
SU2643|14.01|18.68|56.05||58.38||11.67|9.34|2.33|
SU2644|18.48|18.48|48.05||48.05|||||
SU2645|10.94|27.35|76.59||54.70||5.47|27.35||
SU2646|1.36||0.68||5.44|||2.04||
SU2647|2.48|4.13|4.13||4.96|||1.65||
SU2648|90.95|62.97|209.90||125.94||48.97|90.95||
SU2649||3.04|||3.04|||||
SU2650|||1.05||4.20||||1.05|
SU2651||2.53|1.26||7.59|||1.26||
SU2652|6.71|2.68|8.06||8.06|||1.34||
SU2653|7.68|7.68|12.07||20.84|||4.38||
SU2654|2.56|3.42|17.13||17.13|||1.71||
SU2655|16.59|13.27|63.07||36.51|||19.91||
SU2656|15.96|34.20|20.52||41.04|||6.84||
SU2657|26.05|40.27|68.69|2.36|47.37|||26.05||2.36
SU2658|9.64|28.94|41.80||61.09||3.21|32.15|3.21|
SU2659|75.45|63.85|81.26||75.45|||46.43||
SU2660|37.94|25.29|46.37|4.21|42.15|||25.29||4.21
SU2666|||0.33||0.99|||||
SU2667|||0.12|||||||
SU2669|0.45||0.45||0.90||||0.22|
SU2671|||||0.28|||||
SU2901|||||0.58|||||
SU2902|||||0.14|||||
SU2903|||||0.08|||||
SU2904|||||1.16|||||
SU2905|||||0.09|||||
SU2906|||||0.13|||||
SU2907||0.11|0.11||0.23|||0.11||
SU2908||0.47|1.30||1.30|||0.35||
SU2909|0.10||0.20||0.10|||||
SU2914|1.68|0.16|2.36||1.18|||0.84|1.34|
SU2915|0.83||0.96||1.10|||0.27|0.27|
SU2916||0.17|||0.34|||0.17||
SU2918|||||0.15|||||
SU2922|||||0.23|||||
SU2925|1.84|0.92|3.69||3.23|||2.77|0.46|
SU2926|2.32||1.39||0.92|||||
SU2927|7.00|2.80|7.00||2.10|||2.10|2.10|
SU2928|1.24|0.62|1.24||1.55|||1.86||
SU2934|||||0.15|||||
SU2935|||1.28|||||||
SU2936||||||||0.18||
SU2944||0.19|0.06||0.12|||||
SU2945||0.08|0.08||0.08|||||
SU2948|0.04||0.08|||||||
SU2950|0.72|||||||||
SU2951|0.27||0.27|||||||
SU2964|3.06|0.70|5.66||5.66|||1.18|0.23|
SU3000|||0.03||0.03|||||
SU3001|||||0.08|||||
SU3002|||||0.03|||0.03||
SU3003|||||0.24|||||
SU3004|||||0.17|||||
SU3005|||1.91||0.52|||0.52||
SU3006|||0.04||0.38|||||
SU3007|||0.05||0.15||||0.10|
SU3008|||0.14||0.87||||1.16|
SU3009||0.11|||0.71|||||
SU3010|||||||||0.55|
SU3012||0.04|||0.04|||0.04||
SU3013|0.08||||0.34||||0.08|
SU3014|||||0.61|||||
SU3015|||||0.60|||||
SU3016||0.53|1.72||2.79|||1.06|0.39|
SU3017|||0.14|0.14|1.03|||0.14||
SU3018||1.31|1.71||4.74|||0.92|0.26|
SU3019||0.29|1.03||1.92|||0.29|0.14|
SU3020||0.05|0.05||0.57|||||0.15
SU3021||0.29|0.49||3.38|||0.09|0.09|
SU3023|||0.12||0.12|||0.12||
SU3024|0.04|0.04|0.58||0.54|||0.19|0.14|
SU3025||0.05|0.05||0.20|||0.05||
SU3026|0.06||0.06||0.12|||||
SU3027|||0.43|||||||
SU3028||0.12|0.36||0.48|||0.24|0.48|
SU3030|||||||||0.15|
SU3031||0.48|||0.97|||||
SU3032|||0.25||0.38|||||
SU3033||1.50|2.50||3.50|||3.00||
SU3034||3.60|4.32||3.84||0.48|1.20||
SU3035||0.76|1.02||1.95||0.17|0.42||
SU3036||4.63|6.17||5.86||1.85|2.16||
SU3037|0.50|2.01|3.52||8.55||0.50|5.03||
SU3038||4.70|4.23||6.58||1.41|1.88||
SU3039||2.22|4.45||3.90||1.11|1.39||
SU3040||1.97|1.25||2.87||0.71|1.25||
SU3041||0.45|1.06||1.37|||0.45||
SU3042||0.15|1.39||0.62|||0.15||
SU3043||0.08|0.41||0.58|||0.25||
SU3044||0.74|0.55||1.48|||0.37||
SU3045||0.09|0.19||0.58||0.09|0.29||
SU3046||0.16|0.20||0.12||0.08|0.16||
SU3047||0.18|0.03||0.03|||||
SU3048||0.03|||0.03|||||
SU3050||0.03|||0.03|||||
SU3051|||||0.11|||||
SU3052|||||0.08|||||
SU3053|||0.05||0.16|||0.05||
SU3054|||||0.40|||||
SU3055||0.04|||0.08|||||
SU3056||0.10|0.05||0.05||0.05|||
SU3057||0.58|1.16||1.88||0.14|0.72||
SU3058|||0.85||4.07|||0.21|0.21|
SU3059|||||0.04|||0.02||
SU3060||||||||0.02||
SU3061||0.05|||0.15|||||
SU3063||0.03|0.03|||||||
SU3064|||||0.14|||||
SU3065|||||0.15||0.03|||
SU3066||||||||0.02||
SU3067||0.13|0.06|||||||
SU3068||0.07||||||||
SU3069||0.70|0.55||1.10|||0.23|0.62|
SU3070|0.16|1.62|1.45||4.05|||1.45|0.81|
SU3071||4.18|5.49||10.20||1.83|2.87|1.83|
SU3072||2.67|3.86||8.61||0.29|1.48|1.78|
SU3073|0.35|3.23|11.49||8.98|||2.87|1.07|
SU3074||5.81|7.75||10.47||1.16|10.08|2.71|
SU3075|0.67|3.71|4.72||7.76||0.33|2.36|2.36|
SU3076||1.03|2.06||2.06|||2.06||
SU3077||0.63|1.10||1.26||0.15|0.15||
SU3078|||||0.45|||0.22|0.11|
SU3079||0.06|0.24||0.54||||0.06|
SU3080|||0.25||0.75|||0.37|0.25|
SU3081||0.50|0.20||1.42|||0.71||
SU3082||0.14|0.86||0.50||0.07|0.50|0.21|
SU3083||0.35|0.53||0.88|||0.44|0.08|
SU3085|||0.16||0.08|||||
SU3086|||0.06||0.06|||||
SU3087||0.14|||0.14|||||
SU3088||0.77|2.32||1.80|||0.51||
SU3089||0.60|0.48||1.46|||0.24||
SU3090|||0.08||0.08|||||
SU3091|||0.13||0.13|||||
SU3092||0.21|0.32||0.54|||0.10||
SU3093||0.15|0.15||0.92|||0.15||
SU3094||0.33|0.33||0.83||0.16|0.49||
SU3095|0.57||||0.19|||0.19||
SU3097|||6.20||5.65|||0.73||0.54
SU3098|0.39|1.59|4.59||2.39|||0.99||
SU3099||0.17|0.23||0.46||0.05|0.17||
SU3100||0.24|3.69||1.96|||0.49|0.49|
