SUNo|-|C|F|K|M|SS
SU0001||1.23|2.93||0.61|1.23
SU0002||1.51|6.05|1.51|3.65|2.39
SU0003||0.54|6.10||2.84|1.35
SU0004||1.75|14.74||7.02|7.72
SU0005||0.74|10.36|0.37|1.85|6.29
SU0006||1.02|7.14||2.65|1.83
SU0007||1.22|9.49||5.82|3.37
SU0008||1.65|8.81||5.50|6.60
SU0009||0.09|1.45|||
SU0010|||5.42||1.20|0.60
SU0011||0.07|1.85||0.44|0.14
SU0012||5.62|31.27||7.50|10.00
SU0013||0.33|5.63||2.64|1.32
SU0014||0.63|3.31|0.12|0.89|0.50
SU0015|||5.02||3.47|2.31
SU0016||0.36|3.61||1.08|0.84
SU0017|||5.88||2.84|0.81
SU0018|||5.71|0.19|1.77|0.59
SU0019||0.42|3.08|0.56|1.40|
SU0020||0.10|1.51||0.65|0.32
SU0021|||2.94||1.96|
SU0022||1.03|5.86||1.72|1.55
SU0023|||9.14|0.55|3.35|3.17
SU0024||0.32|10.51||7.06|1.80
SU0025||0.09|2.11|0.28|0.96|0.38
SU0026||0.53|2.41|1.07|2.68|0.80
SU0027|||2.45|0.28|1.44|0.14
SU0028||0.68|2.95|0.22|1.58|0.45
SU0029||0.64|3.88||1.62|0.32
SU0030|||0.69|0.23||
SU0031|0.78|1.56|67.96|3.90|21.09|7.03
SU0032||0.89|8.25|0.44|3.90|1.33
SU0033||0.55|10.77|0.27|7.73|1.10
SU0034|||0.82|||0.23
SU0035||0.12|0.37|||0.12
SU0036||0.51|1.03|1.03|0.25|
SU0037||0.24|1.99||0.99|
SU0038|||1.78|0.47|0.59|0.11
SU0039||0.24|0.60|0.24||0.36
SU0040||6.19|34.71|1.23|39.67|7.43
SU0041||4.69|21.12||20.54|12.32
SU0042|||0.14|||
SU0043||0.52|15.63|0.79|6.88|3.44
SU0044||0.74|26.91|2.24|9.72|3.73
SU0045||3.26|18.63|1.63|9.80|2.61
SU0046|||22.44|1.69|19.48|2.11
SU0047||1.30|7.69||3.39|2.21
SU0048||2.01|9.26||2.41|2.01
SU0049||0.42|6.63|0.98|3.52|0.42
SU0050|||0.63||0.40|
SU0051||0.34|7.55|2.40|10.99|1.71
SU0052|||9.99|0.71|3.21|1.24
SU0053|||16.86|3.12|11.24|0.62
SU0054||1.64|18.43|1.97|4.93|1.97
SU0055|||0.05|||
SU0058|||||0.04|
SU0060||2.15|43.19|4.31|25.91|10.07
SU0061|||19.53|1.08|5.42|9.76
SU0062|||25.72|3.85|5.14|6.43
SU0063||1.27|29.29|2.54|15.28|14.00
SU0064||0.68|7.57||6.19|12.38
SU0065|||0.29|0.14|0.14|
SU0066||0.24|2.76|0.36|2.88|0.24
SU0067|||9.00||6.18|0.84
SU0068||2.03|18.28||2.03|4.06
SU0069|0.13|0.27|5.60|0.13|3.82|0.82
SU0070|||2.81||1.01|0.22
SU0071|||0.14|0.14||
SU0072|||||0.75|
SU0073|||1.56||3.90|
SU0074||1.09|4.07||1.88|0.15
SU0075|||0.61||0.41|
SU0076||0.64|2.85||8.05|0.64
SU0077||0.34|0.69||2.17|0.17
SU0079||0.34|0.69|||
SU0081|||15.93|1.04|7.29|1.19
SU0082|||10.43||3.71|1.76
SU0083||0.14|4.34||1.59|0.43
SU0084||0.87|18.29|4.06|6.67|3.48
SU0085|||6.68||2.89|2.89
SU0087||0.30|1.81||1.05|0.15
SU0088|||2.80||1.52|0.25
SU0089|||5.93||2.07|
SU0090|||1.92||0.69|
SU0091|||3.56|0.25|0.25|2.54
SU0092|||6.31||0.70|1.40
SU0093||0.76|6.14||1.91|1.15
SU0094||0.63|26.21||8.21|8.84
SU0095||0.48|11.65|0.48|6.79|3.15
SU0098|||8.89||3.21|3.21
SU0099|||2.75||1.05|1.13
SU0100||0.09|3.47||0.75|1.97
SU0103||0.53|2.29|0.07|0.91|0.38
SU0300|||7.44|||
SU0301||1.01|27.32|||1.01
SU0302|||2.03|||
SU0304|||0.25|||
SU0305|||0.09|||
SU0306|||0.54|||
SU0307|||0.06|||
SU0308|||0.11|||
SU0309|||1.70||0.04|
SU0310|||0.76|||
SU0311|||0.07|||
SU0320|||||0.05|
SU0321|||0.17|||
SU0322|||0.10|||0.10
SU0323|||0.08|||
SU0324|||0.03|||
SU0326|||0.32|||
SU0327|||0.05||0.02|0.02
SU0328|||0.14|||0.14
SU0330|||0.40|||
SU0331|||0.20||0.20|
SU0332||||||0.12
SU0334|||||0.07|
SU0336|||0.06|||0.06
SU0337|||0.08|||
SU0338|||0.04|||
SU0340|||0.13||0.13|
SU0341|||0.19|||
SU0342||||||0.14
SU0344||0.83|3.33||1.66|3.33
SU0345|||6.55||2.97|4.16
SU0346|||4.65||9.30|13.96
SU0347||6.50|9.29||4.64|8.36
SU0348||1.51|25.78||18.19|6.06
SU0349||2.98|11.92||2.98|11.92
SU0350|||12.49||4.68|8.58
SU0351|||17.25||2.15|2.15
SU0352|||3.95||1.97|1.97
SU0353|||0.15|||0.07
SU0354|||0.27||0.33|0.11
SU0355||3.27|86.24||21.83|10.91
SU0356|||15.25||1.52|1.52
SU0357|||26.41||2.93|1.95
SU0358|||32.43||7.41|1.85
SU0359|||27.46||2.89|2.89
SU0360|||16.64||7.68|3.84
SU0361|||30.96||3.34|
SU0362|||22.21||5.75|0.82
SU0363|||33.83||3.47|1.73
SU0364||0.73|51.00||3.69|2.95
SU0365||0.85|152.16||5.12|
SU0366|||73.92||2.35|
SU0370|||0.07|||
SU0374|||0.14|||
SU0382|||0.08|||
SU0385|||4.09|||0.91
SU0386|||0.10|||0.21
SU0387|||1.52|||
SU0391|||||0.05|
SU0392||0.58|14.59||2.91|2.33
SU0393|||10.97||3.45|1.56
SU0394|||4.42||1.89|1.58
SU0395|||1.04|0.17|0.52|0.52
SU0601|||0.21|||
SU0602||0.09|0.19|||
SU0603|||0.19||0.09|
SU0613||0.27|0.27||0.27|
SU0614||12.28|127.74|2.45|63.87|44.21
SU0615||4.78|96.98|1.19|50.28|33.52
SU0616||4.71|57.32|0.78|38.48|21.20
SU0617||6.45|122.56|3.22|54.83|48.38
SU0618||3.50|33.28|2.91|16.35|11.09
SU0619||7.45|62.73|3.10|52.17|27.33
SU0620||0.95|12.36|0.31|3.80|2.21
SU0621||0.92|39.71|0.92|57.26|19.39
SU0622||11.34|129.89|1.26|90.79|79.44
SU0623|||40.17|0.97|12.73|9.79
SU0624|||2.17||2.17|
SU0625|||74.97||3.87|18.09
SU0626||1.05|58.95|3.15|28.42|32.63
SU0627||2.77|36.07||19.42|16.64
SU0628||2.74|15.09||9.60|8.23
SU0629||4.61|24.63||3.07|12.31
SU0630|||36.48||5.47|16.41
SU0631|||31.80||13.82|4.14
SU0632|0.64|1.29|10.39|0.64|2.59|1.29
SU0633||0.50|6.08||5.07|1.01
SU0634||1.92|1.44|2.40|0.48|0.48
SU0635|||3.44||0.62|1.56
SU0636|||1.30|||0.97
SU0637||0.76|3.82||1.53|0.76
SU0638||22.23|177.85||38.90|38.90
SU0639|||114.39||59.79|18.19
SU0640||2.91|30.64|2.91|24.80|7.29
SU0652|||0.10|||
SU0653|||||0.11|
SU0654|||0.21|||
SU0657|||0.18||0.56|
SU0658|||0.73||0.94|0.94
SU0659||1.84|28.56||7.37|3.68
SU0660||0.36|8.85||2.21|1.47
SU0661|||43.08||6.70|14.36
SU1002||4.67|42.98|0.93|11.21|17.75
SU1003|||40.92||12.59|26.75
SU1004|||30.33||16.85|16.00
SU1006||0.16|8.67|0.16|5.89|5.23
SU1007||0.16|3.77|0.65|2.46|0.65
SU1008||1.32|10.56||5.28|5.28
SU1009||1.42|8.27||2.28|5.13
SU1010|||17.29|1.04|8.38|5.76
SU1011||0.55|16.51||7.70|4.95
SU1012|||8.11||3.30|6.31
SU1013||0.52|4.23||1.72|0.13
SU1014||0.11|1.57||3.03|1.12
SU1015||4.57|67.67||27.43|30.18
SU1016||1.55|15.85|0.51|7.27|5.19
SU1017||1.09|7.69||5.12|4.39
SU1018||1.19|2.69||3.89|4.19
SU1019|||1.32||0.44|1.54
SU1020|||6.32|0.57|1.15|0.57
SU1021|||3.02||2.26|3.40
SU1022||0.58|35.98||28.90|17.69
SU1023||1.59|26.11||12.25|15.45
SU1024||0.94|35.31||9.41|21.19
SU1025||0.42|9.75||8.90|12.30
SU1026|||7.73|0.96|5.47|9.02
SU1027|||12.16||2.51|1.67
SU1028|||8.74||1.82|4.73
SU1029||3.94|22.88||3.94|13.41
SU1030||1.17|21.10||7.03|18.17
SU1031||2.76|20.30||5.53|8.30
SU1032||0.56|11.24||4.49|10.68
SU1033|||1.43|0.23||0.47
SU1034||1.56|16.47||8.63|13.33
SU1035||2.45|34.41|0.81|5.73|12.29
SU1036||0.72|29.91|2.18|10.21|9.48
SU1037|||22.81|1.47|7.36|13.24
SU1038||2.84|49.24||23.67|9.47
SU1039||0.85|64.40||30.91|14.59
SU1040||0.33|12.27|0.33|6.30|4.64
SU1041|||14.37||10.99|8.45
SU1042||1.86|48.45||21.43|18.63
SU1043|||30.33||10.37|20.75
SU1044|||25.09|0.98|17.22|6.39
SU1045|||3.35||3.35|2.23
SU1046||0.30|13.45|0.91|4.89|4.89
SU1047|||8.66||6.62|6.11
SU1048|||11.94||2.56|10.24
SU1049|||15.99|0.66|7.99|9.99
SU1050|||10.95||6.47|8.96
SU1051|||4.45||1.18|2.07
SU1052|||0.10||0.20|0.10
SU1053|||11.79|0.95|5.41|6.05
SU1054||0.48|32.31|0.48|22.02|10.28
SU1055|||16.96|0.54|9.85|9.30
SU1056|||21.28|1.15|12.65|11.50
SU1057|||22.54||17.45|13.81
SU1058||1.03|17.07||6.20|12.41
SU1059|||20.58||8.23|18.11
SU1060|||21.48||10.74|13.60
SU1061||2.38|47.77|0.79|25.48|28.66
SU1062||3.13|30.71|1.25|18.80|17.55
SU1063||3.44|47.55|0.68|22.74|24.81
SU1064|||48.01||18.64|15.25
SU1065|||27.08|1.06|24.42|14.33
SU1066||0.96|62.48||23.06|18.26
SU1067||2.20|21.49||19.29|7.71
SU1068|||25.14|1.43|16.52|14.36
SU1069||0.25|6.17||2.05|3.34
SU1070|||37.56|1.04|14.60|30.26
SU1071|||10.06|0.40|7.64|6.03
SU1072|||15.45||10.45|13.18
SU1073|||9.84||12.07|12.97
SU1074||0.57|14.90||6.30|14.33
SU1075||0.53|8.85||6.70|5.90
SU1076|||21.86||8.05|14.96
SU1077|||5.40||3.60|3.90
SU1078|||3.68||3.27|3.27
SU1079|||10.32|0.35|12.10|6.76
SU1080|||11.78||8.83|9.42
SU1081|||2.22||1.66|1.11
SU1082||0.43|18.83||8.76|17.52
SU1083|||73.16||29.97|42.31
SU1084||0.09|0.59||0.19|0.39
SU1085|||6.18||5.95|5.04
SU1086||4.07|54.32||35.31|10.86
SU1087||2.36|17.03||15.13|13.24
SU1088|||11.42|0.42|8.88|3.80
SU1089|||4.23||9.51|
SU1091|||0.25||0.12|
SU1092|||0.29||0.14|0.29
SU1093|||0.50|||0.33
SU1094|||13.78|0.72|7.98|13.78
SU1095|||11.28|0.94|5.17|8.93
SU1096|||3.04|1.14|1.14|1.52
SU1302|||3.09||0.88|0.35
SU1303|||3.22||0.96|0.85
SU1305||0.38|16.45|0.38|9.94|5.73
SU1306||0.69|11.57|0.23|9.26|8.10
SU1307|||7.15||3.95|4.89
SU1308||0.55|13.08||4.73|8.63
SU1309||0.30|10.22||4.21|3.00
SU1310||0.96|11.34|0.19|4.80|5.57
SU1311||0.44|10.68|1.33|4.89|7.12
SU1312|||0.36||0.09|
SU1313|||0.99|||0.11
SU1314|||0.74||0.31|0.21
SU1315|||8.06|0.94|5.37|3.47
SU1316||0.23|7.95|0.23|6.34|3.34
SU1317||2.12|50.99||32.93|26.55
SU1318|||27.62||12.40|12.40
SU1319||1.71|22.25|0.85|24.82|11.98
SU1320|||19.80||15.27|16.40
SU1321|||1.30||0.69|0.26
SU1322||0.19|10.63|0.39|4.52|4.13
SU1323|||12.12|0.28|7.21|4.90
SU1324||0.31|3.97|0.15|3.17|0.79
SU1325||0.66|17.99|0.22|8.21|4.44
SU1326||0.40|19.99||9.38|3.67
SU1327||0.17|8.94||3.33|3.85
SU1328|||0.06|||
SU1329|||0.06|||
SU1330|||0.25|||0.19
SU1332|||0.04|||
SU1336|||0.05|||
SU1337|||0.06|||
SU1339|||0.09||0.04|
SU1340|||0.38||0.04|
SU1341|||0.44|||
SU1342|||0.19||0.09|
SU1343|||0.49||0.07|
SU1344|||0.33||0.04|0.04
SU1345|||0.14||0.04|0.19
SU1346|||0.27|||0.18
SU1347|||0.24|||0.06
SU1348|||0.29||0.05|
SU1349|||0.30||0.18|0.12
SU1350|||0.19|||0.09
SU1351|||0.40|0.05||
SU1352|||0.13|||
SU1353|||0.53|||0.13
SU1354|||0.20|||0.31
SU1355|||0.44|||0.14
SU1356|||0.54|||0.20
SU1357|||0.57|||0.11
SU1358||0.11|0.92|0.11|0.34|
SU1359|||0.14|||0.14
SU1360|||6.05||0.75|0.75
SU1361||0.10|1.35|0.10|0.41|
SU1362|||1.10|0.13|0.13|0.27
SU1363|||3.31||0.70|0.23
SU1364|||3.77||0.29|1.16
SU1365||0.10|1.84|0.15|0.26|0.15
SU1366|||4.00||1.04|0.52
SU1367|||0.12|||
SU1368|||0.48||0.24|
SU1369|||2.73|||
SU1370|||0.32|||
SU1371|||3.26||0.34|0.46
SU1372|||1.04||0.62|0.52
SU1377|||||0.17|
SU1379||0.06|0.20||0.20|0.06
SU1380|||0.47||0.35|
SU1381|||6.00||1.71|2.43
SU1382|||1.45||0.33|0.63
SU1383|||6.22||3.22|6.22
SU1384|||0.37||0.24|0.18
SU1385|||0.65|||
SU1386|||0.18||0.04|0.04
SU1387|||0.20|||
SU1388|||0.03||0.06|
SU1602|||0.63||0.15|0.07
SU1603|||0.97||0.08|
SU1604||0.26|0.78||0.13|0.13
SU1605||0.53|18.72||8.02|2.67
SU1606|||||0.19|
SU1607|||0.05|||
SU1609||||0.20||
SU1617|||||1.32|
SU1618||0.11|0.11|||
SU1620||8.28|99.45||38.12|23.20
SU1621|||18.37||3.44|2.87
SU1622|||13.73||5.08|2.54
SU1623|||14.29||1.55|4.97
SU1624|||5.40|||2.02
SU1625|||4.52||1.35|0.90
SU1626|||48.60||28.22|17.24
SU1628|||3.97||1.08|3.61
SU1629|||4.96||0.43|1.72
SU1630|||8.98||1.12|
SU1631|||8.89||3.66|2.09
SU1632|||10.38|1.03|6.23|17.65
SU1633|||2.45|||1.84
SU1634||1.38|14.55||3.46|3.11
SU1635|||1.83||0.36|0.73
SU1636|||6.73||1.34|2.69
SU1637|||4.76||2.38|1.90
SU1638|||2.14||0.35|
SU1639||0.48|15.13||0.48|0.48
SU1640|||4.14||1.38|0.92
SU1641|||5.75||1.91|
SU1642|||1.97||0.39|0.79
SU1643|||3.51||1.00|1.00
SU1644|||2.10||0.84|0.42
SU1645|||3.06||2.63|
SU1646|||11.89|0.51|10.34|6.20
SU1647|||41.28||9.63|19.95
SU1648||1.22|31.79||9.78|11.00
SU1649||1.14|11.44||13.73|5.72
SU1650|||9.71||2.15|4.31
SU1651|||26.34||5.76|6.58
SU1652|||3.04||0.76|
SU1653|||3.25|||
SU1654|||3.74|0.46|0.46|
SU1655|||7.87||4.49|
SU1656|||6.34|0.63|1.26|1.26
SU1657|||2.44|0.40|0.81|0.40
SU1658|||2.12||0.15|0.15
SU1659||||0.19||
SU1660|||2.00||0.66|0.66
SU1661|||5.58||1.01|1.52
SU1662|||1.29||0.25|0.25
SU1663|||2.78||0.92|0.46
SU1664|||1.34||0.16|0.67
SU1665|||3.42||0.97|
SU1666|||6.22|||0.82
SU1667|||0.21||0.05|
SU1668|||0.67|||
SU1669|||0.38||0.09|
SU1670|||0.07|||
SU1671|||0.29|||
SU1673|||1.04|||
SU1676|||5.72||0.40|1.63
SU1677|||0.60||0.30|0.15
SU1679|||||0.23|0.11
SU1680|||0.61||0.20|0.30
SU1682||||||0.45
SU1683|||1.40|||0.70
SU1684|||22.07||1.26|0.63
SU1685|||3.19|||
SU1686|||||0.44|
SU1687|||2.36|||0.67
SU1688|||9.22||2.88|2.30
SU1689|||6.32|0.79|1.58|
SU1690|||0.50|||
SU1692|||0.18|||
SU1693|||1.00||0.20|0.40
SU1696||0.52|0.52|||
SU1697|||1.87||0.74|0.37
SU1698|||0.96|||
SU1699|||13.39||4.12|2.57
SU1700|||6.39|0.85|2.55|
SU1701|||10.20||3.19|0.63
SU1702|||8.80||1.46|2.56
SU1703|||0.95||0.19|
SU1704|||1.15|0.46|0.23|0.69
SU1705|||6.00||3.27|2.18
SU1706|||2.93|0.24|1.46|
SU1707|||8.48||1.95|1.30
SU1708|||2.78||0.79|0.79
SU1709|||6.18||0.44|0.88
SU1710||0.44|0.66|0.44|2.44|
SU1908|||1.24||0.22|0.11
SU1909|||0.29||0.19|
SU1910|||0.12|||
SU1911|||1.09||0.24|
SU1914|||0.22|||0.07
SU1915|||6.83|0.20|2.81|5.02
SU1916|||3.11||0.69|4.50
SU1917|||2.90||0.44|1.33
SU1918|||6.77||0.84|3.04
SU1919|||1.00||0.12|0.37
SU1920|||0.54||0.38|0.07
SU2001|||7.37||0.73|
SU2002|||22.75||8.38|2.99
SU2003|||15.37||4.75|2.23
SU2004|||12.13||3.34|1.46
SU2005|||12.07||4.52|0.75
SU2006|||5.48||0.60|
SU2007|0.41|0.41|23.93||4.61|5.87
SU2008||2.33|69.29||16.35|3.89
SU2009||0.35|33.19||7.85|3.21
SU2010|||52.81||7.46|4.80
SU2011|||37.34||10.50|3.50
SU2012|||1.41||0.88|
SU2013|||19.57||4.56|2.28
SU2014|||9.97||4.17|1.62
SU2015||0.17|6.47||2.45|0.87
SU2016|||22.02||20.57|7.24
SU2017||1.43|19.32||9.66|4.65
SU2018|||14.11||4.34|1.95
SU2019|||19.81||2.51|0.31
SU2020||1.62|30.79||11.34|7.56
SU2021|||52.41||5.03|3.02
SU2022||0.37|21.55||6.04|2.26
SU2023|||0.59|||
SU2024|||12.60||1.26|6.30
SU2025|||17.15||2.23|8.20
SU2026|||2.32||0.29|0.58
SU2027|||13.77||1.02|3.06
SU2028|||10.10||1.59|3.19
SU2029|||32.23||1.00|4.02
SU2030|||11.77||0.87|0.87
SU2031|||5.88||1.38|1.73
SU2032|||0.61||0.12|0.12
SU2033||0.51|15.32||0.51|1.53
SU2034||1.48|20.35||8.93|1.48
SU2035|||0.70||0.35|0.17
SU2036||0.08|0.24||0.32|
SU2037||0.13|1.39||1.25|0.55
SU2038|||0.35|||
Su2041||0.13|0.69|||0.13
SU2042|||4.48||3.36|1.49
SU2045|||0.04|||
SU2046|||0.67|0.16||0.33
SU2047|||0.35|||0.08
SU2048|||0.82|||0.27
SU2049|||1.89|||
SU2050|||21.58||5.18|9.49
SU2051|||16.35||0.40|7.35
SU2052|||11.93||0.59|3.58
SU2053||0.24|3.43||0.49|1.47
SU2054||0.47|10.48||2.38|6.19
SU2055|||24.92||1.51|6.04
SU2056|||33.54|1.76|15.00|6.17
SU2057|||11.66||6.22|9.33
SU2058|||8.51||1.37|1.37
SU2059|||0.33|||0.66
SU2060|||2.10|||0.21
SU2061|||19.96|3.15|5.25|9.45
SU2062|||1.33||0.22|
SU2063|||5.22|0.32|0.65|0.65
SU2064||1.20|38.45||14.41|12.01
SU2065|||17.71|0.59|4.13|2.95
SU2066|||3.81||1.17|1.17
SU2067|||5.64||1.20|2.41
SU2068|||3.31||0.44|1.76
SU2069|||12.16||4.34|5.21
SU2070||0.56|22.55||2.25|11.27
SU2071||0.43|8.26||4.34|3.91
SU2072|||4.23||0.35|1.05
SU2073|||0.99|||
SU2074|||0.46||0.23|
SU2075|||0.71||0.17|0.17
SU2076|||1.18|||0.70
SU2078|||3.35||0.50|0.67
SU2079|||3.35||0.55|0.74
SU2080|||1.46||0.43|0.14
SU2081|||2.63||1.31|0.43
SU2082|||2.37|||
SU2083|||6.45||1.01|
SU2084|||12.54|||0.73
SU2085|||15.50||3.87|0.77
SU2087||||||0.12
SU2090|||0.17|||
SU2091|||0.02|||
SU2095|||||0.07|
SU2096|||0.06|||
SU2104|||15.20||1.30|0.43
SU2107|||0.05|||
SU2108|||0.04||0.04|
SU2111|||0.04|||
SU2112|||0.05|||0.05
SU2113||0.10|1.82||0.21|0.32
SU2114|||0.08|||
SU2115|||0.33||0.33|0.66
SU2116||||||0.10
SU2121|||0.06|||
SU2124||0.91|4.58|||4.89
SU2125|||2.97||0.45|2.06
SU2126|||1.16||0.19|0.38
SU2127||0.43|0.64||0.21|0.64
SU2128||0.97|20.48||3.41|16.58
SU2129|||2.49||0.66|3.82
SU2130|||10.61||4.77|7.43
SU2131|||18.19||9.70|23.04
SU2132|||9.67||2.76|8.29
SU2133||1.69|11.86||7.62|14.40
SU2134|||12.01||2.90|9.94
SU2135|||5.79||3.22|7.73
SU2136|||9.50||1.65|5.78
SU2137|||5.75||1.27|7.66
SU2138||0.50|13.56||5.02|10.04
SU2139||1.09|29.66||13.18|28.56
SU2140|||12.14||5.60|19.62
SU2141|||6.26||0.69|16.70
SU2142|||3.94||3.59|3.59
SU2143|||0.31|||0.31
SU2144|||0.25|||0.38
SU2145|||0.16|||0.16
SU2147|||0.05|||0.27
SU2148|||0.50||0.10|
SU2149|||0.40|||
SU2150|||0.06|||
SU2153|||0.06|||0.06
SU2154||||||0.11
SU2160|||5.46||3.78|8.83
SU2161|||3.15||1.35|6.31
SU2162|||2.72||1.36|4.09
SU2163||0.13|0.13||0.13|0.55
SU2164|||0.43||0.14|1.46
SU2165|||||0.08|0.08
SU2168|||0.05|||
SU2171||0.27|11.91||1.62|4.06
SU2172|||6.39||1.42|1.77
SU2173||0.26|3.64||1.04|0.65
SU2174|||6.50||0.22|0.44
SU2175||0.11|1.24||0.22|
SU2176||0.39|7.49||5.51|4.33
SU2177||0.53|8.50||1.86|2.92
SU2178|||0.88||0.58|0.29
SU2179|||0.63|||1.05
SU2180|||1.29|||0.48
SU2181|||||0.10|0.10
SU2182|||0.15||0.07|
SU2183|||0.30|||
SU2185|||0.26|||
SU2187|||21.52||7.34|25.19
SU2188||1.16|126.12||26.85|8.17
SU2189|||7.42||2.07|1.78
SU2190||0.39|18.47|0.78|5.11|9.43
SU2191||0.41|19.39|0.41|2.88|7.01
SU2301|||27.14|||0.51
SU2302|||40.05||5.98|0.74
SU2303|||14.66|||1.72
SU2304|||12.62||4.32|
SU2305||0.44|20.00||0.88|0.44
SU2325|||0.49||0.09|
SU2326|||1.51|||
SU2327|||0.58||0.29|0.14
SU2328|||0.80|||
SU2329|||0.32|||0.64
SU2349|||1.12|||
SU2351|||0.23|||
SU2385|||0.09|||
SU2389|||0.37|||
SU2402|||0.29||0.14|
SU2406|||0.09|||
SU2601||0.53|9.07||1.06|3.20
SU2602|||4.34||3.62|0.72
SU2603|||45.44||6.99|15.73
SU2604||2.11|152.33||19.04|52.89
SU2605||4.15|510.97||99.70|157.86
SU2606|||228.45||13.84|83.07
SU2608|||5.61|1.40||1.40
SU2609||1.30|1.30|||
SU2610|||1.04|||
SU2612|||0.49|||0.49
SU2613|||0.37|||0.37
SU2614|||0.67|||
SU2617|||0.58|||0.38
SU2618|||1.68||0.48|0.48
SU2619|||1.58||0.52|0.26
SU2620|||0.32|||
SU2621|||0.49|||0.24
SU2624|||3.24|2.16||0.72
SU2625|||1.93|1.45||0.48
SU2627|||0.15|||
SU2632|||301.06||99.05|114.59
SU2633|||24.93|0.55|4.98|12.74
SU2634|||40.98||8.45|11.70
SU2635|||66.97|1.61|11.29|16.94
SU2636||0.32|7.13||1.62|1.62
SU2637|||106.70||14.22|42.68
SU2638|||104.18||4.00|32.05
SU2639|||99.29||6.07|38.50
SU2640|||66.70||1.71|13.68
SU2641|||143.74||19.82|39.65
SU2642|||159.14||27.67|48.43
SU2643|||114.43||2.33|53.71
SU2644|||66.53||22.17|44.35
SU2645|||120.35||16.41|65.64
SU2646|||4.76|1.36|0.68|2.72
SU2647|||11.58||4.96|0.82
SU2648||6.99|398.81||13.99|209.90
SU2649|||4.56|||1.52
SU2650|||3.15||1.05|2.10
SU2651|||8.85||3.79|
SU2652|||20.15||2.68|4.03
SU2653|||38.40||2.19|12.07
SU2654|||29.12||4.28|8.56
SU2655|||109.54||9.95|29.87
SU2656|||93.48||4.56|20.52
SU2657|||130.29||28.42|54.48
SU2658|||135.05||9.64|35.37
SU2659|||232.18||23.21|87.06
SU2660|||118.04||12.64|54.80
SU2666|||0.99|||0.33
SU2667|||0.12|||
SU2669|||1.81|||0.22
SU2671|||0.28|||
SU2901|||0.58|||
SU2902|||0.14|||
SU2903|||0.08|||
SU2904|||1.16|||
SU2905|||0.09|||
SU2906|||0.13|||
SU2907|||0.47|||0.11
SU2908|||2.60|||0.82
SU2909|||0.40|||
SU2914|||6.24||0.84|0.50
SU2915|||2.76||0.69|
SU2916|||0.51|||0.17
SU2918||||||0.15
SU2922|||0.23|||
SU2925||0.46|9.23||1.84|1.38
SU2926|||3.25|||1.39
SU2927|||20.31||2.80|
SU2928|||5.60||0.93|
SU2934|||0.15|||
SU2935|||1.28|||
SU2936|||||0.18|
SU2944|||0.32|||0.06
SU2945|||0.16||0.08|
SU2948|||0.04||0.04|0.04
SU2950|||0.72|||
SU2951|||0.55|||
SU2964|||11.56||1.65|3.30
SU3000|||0.06|||
SU3001|||0.08|||
SU3002|||0.06|||
SU3003|||0.24|||
SU3004||0.05|0.11|||
SU3005|||2.08||0.86|
SU3006|||0.33||0.09|
SU3007|||0.30|||
SU3008||0.14|1.74||0.14|0.14
SU3009|||0.59||0.11|0.11
SU3010|||0.55|||
SU3012|||0.08||0.04|
SU3013|||0.43|||0.08
SU3014||0.12|0.24||0.24|
SU3015|||0.40||0.20|
SU3016|||4.52||0.93|1.06
SU3017||0.14|0.29||0.29|0.73
SU3018||0.52|5.13||1.84|1.44
SU3019|||1.92||0.88|0.88
SU3020|||0.41||0.41|
SU3021||0.09|2.39||0.29|1.59
SU3023|||0.12||0.12|0.12
SU3024|||1.03||0.19|0.34
SU3025|||0.15||0.10|0.10
SU3026|||0.12||0.06|0.06
SU3027|||0.21|||0.21
SU3028|||1.45|||0.24
SU3030|||0.15|||
SU3031|||1.13||0.16|0.16
SU3032|||0.50|||0.12
SU3033|||4.75||1.50|4.25
SU3034|||6.72||1.20|5.52
SU3035|||2.80||0.08|1.44
SU3036|||8.64||1.85|10.18
SU3037|||9.56|||10.57
SU3038|||8.46|||10.34
SU3039|||5.29||0.27|7.52
SU3040|||3.23||0.17|4.67
SU3041|||0.61||0.30|2.44
SU3042|||0.31|||2.02
SU3043||0.08|0.50|||0.75
SU3044|||1.48|||1.66
SU3045|||0.48||0.09|0.67
SU3046|||0.50|||0.25
SU3047|||0.18|||0.07
SU3048|||0.03||0.03|
SU3050|||0.03|||0.03
SU3051||||||0.11
SU3052|||0.04|||0.04
SU3053|||0.16|||0.10
SU3054|||0.30|||0.10
SU3055|||0.08|||0.04
SU3056|||0.26|||
SU3057|||1.88||0.72|1.88
SU3058|||2.78|||2.57
SU3059|||0.06|||
SU3060|||0.02|||
SU3061|||0.20|||
SU3063|||0.07|||
SU3064||||||0.14
SU3065|||0.09|||0.09
SU3066||||||0.02
SU3067|||0.13||0.06|
SU3068|||0.07|||
SU3069|||2.36||0.15|0.70
SU3070||0.16|5.51||0.81|3.08
SU3071|||15.44||2.87|8.11
SU3072|||11.29||1.48|5.94
SU3073||0.35|11.49||1.79|14.37
SU3074||0.38|24.82||4.65|8.14
SU3075||0.33|12.82||0.67|8.09
SU3076|||4.94||0.61|1.64
SU3077|||2.05||0.15|1.10
SU3078|||0.39||0.11|0.28
SU3079|||0.48||0.12|0.30
SU3080|||1.25||0.37|
SU3081|||1.73||0.50|0.61
SU3082|||1.43||0.50|0.35
SU3083|||1.77||0.35|0.17
SU3085||||||0.25
SU3086|||0.06|||0.06
SU3087|||0.14||0.14|
SU3088|||2.57||0.77|2.06
SU3089|||1.21||0.48|1.09
SU3090||||||0.16
SU3091|||0.13||0.13|
SU3092|||0.32||0.21|0.65
SU3093|||0.46||0.15|0.77
SU3094|||1.16||0.33|0.66
SU3095|||0.76||0.19|
SU3097|||9.85||1.46|1.82
SU3098||0.39|5.58||1.39|2.59
SU3099|||0.57||0.34|0.17
SU3100|||3.19||2.95|0.73
