SUNo|GUNo|DenRatio|NSP|NST|Slope|CS|A2
SU0001|GU9999|0.15|154.00|48.00|0.00|55.00|2379.97
SU0002|GU9999|0.12|295.00|168.00|0.00|119.00|3085.92
SU0003|GU9999|0.13|203.00|73.00|0.00|75.00|2713.78
SU0004|GU1001|0.35|232.00|241.00|2.00|89.00|1512.78
SU0005|GU1001|0.37|135.00|181.00|2.00|53.00|1610.23
SU0006|GU1001|0.20|129.00|152.00|2.00|71.00|1937.87
SU0007|GU1001|0.30|146.00|174.00|2.00|67.00|1557.96
SU0008|GU9999|0.55|66.00|54.00|0.00|45.00|484.22
SU0009|GU9999|0.09|23.00|0.00|0.00|16.00|1576.39
SU0010|GU9999|0.60|18.00|0.00|0.00|12.00|248.88
SU0011|GU9999|0.07|25.00|0.00|0.00|24.00|1401.43
SU0012|GU9999|0.62|322.00|56.00|0.00|112.00|539.57
SU0013|GU0001|0.16|109.00|23.00|3.00|61.00|1304.92
SU0014|GU0001|0.12|62.00|10.00|3.00|44.00|1282.29
SU0015|GU0002|0.38|31.00|3.00|0.00|29.00|303.60
SU0016|GU9999|0.12|71.00|13.00|0.00|57.00|1223.13
SU0017|GU9999|0.20|58.00|18.00|0.00|47.00|796.72
SU0018|GU9999|0.19|47.00|11.00|0.00|41.00|718.20
SU0019|GU0006|0.14|48.00|2.00|0.00|38.00|937.92
SU0020|GU0007|0.10|15.00|31.00|2.00|24.00|1766.68
SU0021|GU0008|0.24|16.00|9.00|2.00|18.00|566.45
SU0022|GU0012|0.17|76.00|34.00|5.00|60.00|1058.16
SU0023|GU0014|0.18|134.00|71.00|4.00|87.00|1259.67
SU0024|GU0016|0.16|210.00|130.00|3.00|124.00|1666.76
SU0025|GU0018|0.09|51.00|14.00|1.00|43.00|1572.53
SU0026|GU0018|0.26|40.00|19.00|1.00|29.00|758.40
SU0027|GU0019|0.14|17.00|19.00|4.00|32.00|776.71
SU0028|GU0020|0.22|15.00|13.00|4.00|24.00|512.79
SU0029|GU0020|0.32|14.00|9.00|4.00|20.00|353.92
SU0030|GU0022|0.11|7.00|2.00|4.00|8.00|970.31
SU0031|GU0023|0.78|268.00|50.00|3.00|131.00|310.32
SU0032|GU0316|0.11|319.00|82.00|5.00|142.00|2522.18
SU0033|GU0026|0.27|168.00|80.00|0.00|98.00|915.86
SU0034|GU0027|0.11|6.00|5.00|5.00|9.00|1037.26
SU0035|GU0027|0.12|2.00|4.00|5.00|5.00|946.95
SU0036|GU0028|0.25|15.00|2.00|4.00|12.00|544.82
SU0037|GU0028|0.24|18.00|1.00|4.00|13.00|583.33
SU0038|GU0028|0.11|30.00|5.00|4.00|25.00|1173.09
SU0039|GU0029|0.12|11.00|12.00|12.00|12.00|1544.46
SU0040|GU0030|1.23|249.00|177.00|2.00|83.00|413.69
SU0041|GU0031|0.58|376.00|108.00|2.00|100.00|824.19
SU0042|GU0032|0.14|1.00|0.00|1.00|1.00|713.74
SU0043|GU0033|0.26|225.00|27.00|1.00|105.00|905.65
SU0044|GU0034|0.74|95.00|23.00|2.00|59.00|267.30
SU0045|GU0035|0.32|276.00|20.00|5.00|116.00|777.68
SU0046|GU0035|0.42|249.00|20.00|5.00|118.00|536.18
SU0047|GU0036|0.13|307.00|45.00|1.00|115.00|2346.93
SU0048|GU0037|0.40|57.00|5.00|1.00|38.00|404.93
SU0049|GU0038|0.14|158.00|28.00|2.00|72.00|1828.77
SU0050|GU0039|0.05|17.00|3.00|1.00|17.00|2053.72
SU0051|GU0040|0.34|138.00|30.00|1.00|71.00|688.80
SU0052|GU0041|0.17|184.00|17.00|1.00|87.00|1294.87
SU0053|GU0042|0.62|84.00|32.00|3.00|54.00|343.35
SU0054|GU0043|0.32|384.00|79.00|4.00|84.00|1670.21
SU0055|GU0044|0.05|0.00|1.00|19.00|1.00|1719.74
SU0058|GU0046|0.04|1.00|0.00|20.00|1.00|2269.10
SU0060|GU0049|0.71|511.00|163.00|0.00|115.00|814.07
SU0061|GU0050|1.08|46.00|23.00|6.00|31.00|203.92
SU0062|GU0050|1.28|35.00|53.00|6.00|32.00|212.62
SU0063|GU0051|1.27|176.00|160.00|2.00|49.00|538.10
SU0064|GU0052|0.68|116.00|80.00|2.00|42.00|677.67
SU0065|GU0053|0.14|3.00|1.00|1.00|4.00|678.33
SU0066|GU0054|0.12|79.00|43.00|2.00|53.00|1917.02
SU0067|GU0055|0.28|123.00|29.00|1.00|59.00|915.73
SU0068|GU0056|0.50|134.00|16.00|3.00|53.00|556.30
SU0069|GU0057|0.13|160.00|20.00|3.00|81.00|1622.43
SU0070|GU0058|0.11|48.00|6.00|2.00|37.00|1295.65
SU0071|GU0060|0.14|2.00|0.00|20.00|2.00|640.72
SU0072|GU0060|0.18|5.00|0.00|20.00|4.00|620.27
SU0073|GU0061|0.15|38.00|0.00|6.00|38.00|637.27
SU0074|GU0061|0.15|37.00|0.00|6.00|37.00|634.78
SU0075|GU0062|0.20|5.00|0.00|10.00|5.00|476.70
SU0076|GU0063|0.12|94.00|1.00|2.00|95.00|769.68
SU0077|GU0063|0.08|38.00|3.00|2.00|41.00|1148.44
SU0079|GU0059|0.34|3.00|2.00|0.00|3.00|481.99
SU0081|GU0066|0.14|472.00|57.00|0.00|172.00|2065.34
SU0082|GU0067|0.17|188.00|47.00|5.00|93.00|1423.66
SU0083|GU0068|0.14|55.00|26.00|4.00|44.00|1266.68
SU0084|GU0069|0.29|272.00|55.00|1.00|114.00|987.70
SU0085|GU0070|0.22|134.00|36.00|1.00|56.00|1362.85
SU0087|GU0007|0.15|22.00|28.00|2.00|22.00|1500.74
SU0088|GU0007|0.12|42.00|42.00|2.00|36.00|1831.05
SU0089|GU0008|0.29|26.00|19.00|2.00|26.00|582.86
SU0090|GU0008|0.17|12.00|8.00|2.00|14.00|815.97
SU0091|GU0090|0.25|32.00|11.00|5.00|26.00|647.59
SU0092|GU0090|0.35|28.00|19.00|5.00|24.00|555.89
SU0093|GU0090|0.38|21.00|17.00|5.00|26.00|379.24
SU0094|GU0076|0.31|375.00|172.00|2.00|137.00|1263.42
SU0095|GU0076|0.24|203.00|107.00|2.00|92.00|1386.74
SU0098|GU0078|0.24|151.00|77.00|2.00|63.00|1464.62
SU0099|GU1065|0.07|69.00|2.00|3.00|71.00|1413.49
SU0100|GU1065|0.09|60.00|10.00|3.00|66.00|1127.93
SU0103|GU0093|0.07|56.00|1.00|6.00|57.00|1298.63
SU0300|GU0300|0.49|24.00|1.00|20.00|15.00|315.57
SU0301|GU0300|1.01|61.00|0.00|20.00|28.00|202.25
SU0302|GU0300|0.16|13.00|0.00|20.00|12.00|599.33
SU0304|GU0303|0.05|5.00|0.00|20.00|5.00|1851.81
SU0305|GU0304|0.04|2.00|0.00|20.00|2.00|2009.84
SU0306|GU0305|0.13|4.00|0.00|28.00|4.00|643.49
SU0307|GU0306|0.06|1.00|0.00|15.00|1.00|1445.27
SU0308|GU0307|0.11|1.00|0.00|12.00|1.00|865.95
SU0309|GU0309|0.04|47.00|7.00|24.00|38.00|2821.40
SU0310|GU0310|0.12|6.00|1.00|14.00|7.00|763.45
SU0311|GU0310|0.07|1.00|0.00|14.00|1.00|1376.71
SU0320|GU0315|0.05|1.00|0.00|18.00|1.00|1674.10
SU0321|GU0316|0.05|4.00|0.00|5.00|3.00|2336.10
SU0322|GU0316|0.05|3.00|0.00|5.00|3.00|1944.39
SU0323|GU0317|0.08|1.00|0.00|23.00|1.00|1111.06
SU0324|GU0318|0.03|1.00|0.00|4.00|1.00|2989.11
SU0326|GU0319|0.08|4.00|0.00|7.00|4.00|1205.90
SU0327|GU0320|0.02|4.00|0.00|4.00|4.00|3681.74
SU0328|GU0322|0.14|2.00|0.00|6.00|2.00|707.88
SU0330|GU0324|0.13|3.00|0.00|24.00|3.00|677.12
SU0331|GU0325|0.20|2.00|0.00|8.00|2.00|478.60
SU0332|GU0326|0.12|1.00|0.00|6.00|1.00|766.50
SU0334|GU0327|0.07|1.00|0.00|20.00|1.00|1293.44
SU0336|GU0330|0.06|2.00|0.00|3.00|2.00|1645.72
SU0337|GU0330|0.08|1.00|0.00|3.00|1.00|1246.75
SU0338|GU0331|0.04|1.00|0.00|7.00|1.00|2091.74
SU0340|GU0331|0.13|2.00|0.00|7.00|2.00|721.89
SU0341|GU0332|0.19|1.00|0.00|2.00|1.00|500.35
SU0342|GU0333|0.14|2.00|0.00|5.00|1.00|1333.49
SU0344|GU0336|0.83|11.00|0.00|4.00|11.00|119.56
SU0345|GU0336|0.59|20.00|3.00|4.00|23.00|167.47
SU0346|GU0336|0.77|43.00|2.00|4.00|37.00|156.38
SU0347|GU0336|0.92|35.00|2.00|4.00|23.00|172.73
SU0348|GU0336|1.51|38.00|1.00|4.00|36.00|71.25
SU0349|GU0336|1.49|22.00|0.00|4.00|19.00|77.46
SU0350|GU0336|0.78|33.00|1.00|4.00|32.00|135.76
SU0351|GU0336|0.71|34.00|1.00|4.00|30.00|161.88
SU0352|GU0336|0.65|13.00|0.00|4.00|13.00|151.52
SU0353|GU0337|0.07|3.00|0.00|6.00|3.00|1262.65
SU0354|GU0338|0.05|16.00|0.00|15.00|13.00|2150.33
SU0355|GU0339|1.09|118.00|92.00|16.00|109.00|169.64
SU0356|GU0339|0.50|45.00|34.00|16.00|37.00|403.60
SU0357|GU0339|0.48|95.00|61.00|16.00|68.00|450.89
SU0358|GU0339|0.92|43.00|19.00|16.00|44.00|146.16
SU0359|GU0339|1.44|27.00|9.00|16.00|23.00|104.10
SU0360|GU0339|1.28|24.00|6.00|16.00|22.00|102.37
SU0361|GU0339|0.83|40.00|29.00|16.00|41.00|193.31
SU0362|GU0339|0.82|50.00|25.00|16.00|36.00|243.38
SU0363|GU0339|0.86|49.00|23.00|16.00|45.00|177.27
SU0364|GU0339|0.73|108.00|65.00|16.00|77.00|292.15
SU0365|GU0300|0.85|390.00|18.00|20.00|204.00|219.84
SU0366|GU0300|0.78|141.00|5.00|20.00|98.00|178.00
SU0370|GU0346|0.07|1.00|0.00|10.00|1.00|1343.20
SU0374|GU0350|0.07|1.00|0.00|12.00|1.00|1353.42
SU0382|GU0358|0.08|1.00|0.00|8.00|1.00|1143.82
SU0385|GU0360|0.45|34.00|34.00|10.00|11.00|1336.99
SU0386|GU0361|0.10|3.00|0.00|18.00|3.00|870.84
SU0387|GU0364|0.11|8.00|0.00|15.00|8.00|823.14
SU0391|GU0368|0.05|1.00|0.00|28.00|1.00|1673.55
SU0392|GU9999|0.58|58.00|14.00|0.00|37.00|333.39
SU0393|GU9999|0.31|61.00|8.00|0.00|52.00|422.98
SU0394|GU9999|0.31|29.00|4.00|0.00|25.00|417.54
SU0395|GU9999|0.17|19.00|1.00|0.00|15.00|769.16
SU0601|GU0601|0.21|2.00|0.00|20.00|1.00|862.71
SU0602|GU0602|0.09|2.00|1.00|20.00|3.00|968.06
SU0603|GU0603|0.09|3.00|0.00|17.00|3.00|967.47
SU0613|GU0612|0.27|3.00|0.00|8.00|3.00|364.05
SU0614|GU0617|1.22|686.00|18.00|8.00|206.00|275.51
SU0615|GU0618|1.19|377.00|27.00|1.00|147.00|229.49
SU0616|GU0619|0.78|411.00|15.00|1.00|158.00|343.26
SU0617|GU0620|1.61|398.00|19.00|5.00|146.00|176.43
SU0618|GU0621|0.58|280.00|10.00|2.00|121.00|410.17
SU0619|GU0621|0.62|750.00|49.00|2.00|244.00|526.84
SU0620|GU0623|0.31|51.00|33.00|8.00|63.00|416.47
SU0621|GU0624|0.92|169.00|23.00|9.00|125.00|164.26
SU0622|GU0625|1.26|749.00|49.00|2.00|251.00|251.94
SU0623|GU0626|0.97|84.00|2.00|5.00|72.00|121.42
SU0624|GU0626|1.08|5.00|0.00|5.00|5.00|91.51
SU0625|GU0626|1.29|104.00|0.00|5.00|79.00|101.45
SU0626|GU0627|1.05|159.00|4.00|2.00|120.00|128.95
SU0627|GU0634|2.77|68.00|1.00|2.00|26.00|95.58
SU0628|GU0633|1.37|44.00|4.00|2.00|27.00|129.45
SU0629|GU0636|1.53|52.00|5.00|3.00|29.00|127.47
SU0630|GU0635|1.82|67.00|2.00|1.00|32.00|118.19
SU0631|GU1634|1.38|54.00|4.00|2.00|37.00|113.28
SU0632|GU0628|0.64|50.00|2.00|4.00|26.00|307.03
SU0633|GU0629|0.50|29.00|4.00|3.00|26.00|249.78
SU0634|GU0630|0.48|15.00|0.00|3.00|14.00|222.10
SU0635|GU0631|0.31|24.00|2.00|12.00|16.00|506.87
SU0636|GU0631|0.32|7.00|0.00|12.00|7.00|300.66
SU0637|GU0632|0.25|38.00|1.00|4.00|27.00|564.34
SU0638|GU0637|5.55|121.00|76.00|2.00|51.00|69.45
SU0639|GU0638|2.59|237.00|103.00|3.00|72.00|181.38
SU0640|GU0640|1.45|75.00|25.00|2.00|50.00|136.98
SU0652|GU0651|0.10|1.00|0.00|20.00|1.00|916.82
SU0653|GU0652|0.11|1.00|0.00|18.00|1.00|863.86
SU0654|GU0653|0.21|1.00|0.00|12.00|1.00|444.71
SU0657|GU0656|0.18|6.00|0.00|20.00|4.00|754.64
SU0658|GU0657|0.10|46.00|0.00|20.00|25.00|1645.00
SU0659|GU0623|0.92|77.00|45.00|8.00|45.00|291.31
SU0660|GU0623|0.36|35.00|9.00|8.00|35.00|337.50
SU0661|GU0623|0.95|114.00|67.00|8.00|69.00|271.30
SU1002|GU1002|0.93|295.00|184.00|2.00|86.00|595.62
SU1003|GU1002|1.57|179.00|167.00|2.00|50.00|439.38
SU1004|GU1002|0.84|346.00|277.00|2.00|74.00|998.52
SU1006|GU1004|0.16|468.00|22.00|3.00|126.00|2372.81
SU1007|GU1005|0.16|72.00|10.00|1.00|46.00|1084.86
SU1008|GU1006|0.44|89.00|44.00|1.00|52.00|580.89
SU1009|GU1007|0.28|150.00|53.00|1.00|60.00|1184.92
SU1010|GU1008|0.52|189.00|39.00|1.00|63.00|690.45
SU1011|GU1009|0.55|147.00|57.00|1.00|55.00|673.56
SU1012|GU1065|0.30|235.00|12.00|3.00|61.00|1344.80
SU1013|GU1065|0.13|91.00|2.00|3.00|51.00|1376.23
SU1014|GU1065|0.11|88.00|2.00|3.00|51.00|1566.04
SU1015|GU1016|0.91|854.00|16.00|1.00|139.00|684.26
SU1016|GU1017|0.25|434.00|122.00|1.00|120.00|1782.38
SU1017|GU1018|0.36|118.00|40.00|1.00|50.00|862.70
SU1018|GU1020|0.29|111.00|38.00|1.00|41.00|1213.38
SU1019|GU1022|0.22|42.00|8.00|1.00|22.00|1031.53
SU1020|GU1023|0.28|57.00|23.00|1.00|32.00|869.09
SU1021|GU1024|0.37|51.00|8.00|1.00|24.00|650.28
SU1022|GU1027|0.58|510.00|27.00|1.00|141.00|645.55
SU1023|GU1027|0.53|398.00|17.00|1.00|101.00|770.77
SU1024|GU1028|0.47|631.00|47.00|1.00|148.00|972.70
SU1025|GU1029|0.42|388.00|71.00|1.00|77.00|1405.07
SU1026|GU1030|0.32|205.00|32.00|2.00|77.00|954.73
SU1027|GU1031|0.41|97.00|15.00|1.00|40.00|667.54
SU1028|GU1032|0.36|124.00|12.00|1.00|46.00|811.52
SU1029|GU1023|0.78|213.00|8.00|1.00|60.00|466.78
SU1030|GU1023|0.58|230.00|20.00|1.00|74.00|576.17
SU1031|GU1023|0.92|163.00|11.00|1.00|41.00|459.71
SU1032|GU1034|0.56|130.00|2.00|1.00|45.00|521.62
SU1033|GU1035|0.23|8.00|1.00|1.00|8.00|469.12
SU1034|GU1036|0.78|234.00|20.00|1.00|52.00|622.46
SU1035|GU1036|0.81|289.00|17.00|1.00|69.00|541.16
SU1036|GU1036|0.72|346.00|23.00|1.00|74.00|683.25
SU1037|GU1037|0.73|245.00|27.00|1.00|63.00|586.44
SU1038|GU1038|0.94|352.00|24.00|1.00|90.00|441.06
SU1039|GU1038|0.85|536.00|27.00|1.00|132.00|496.62
SU1040|GU1039|0.33|185.00|22.00|1.00|73.00|854.74
SU1041|GU1040|0.84|106.00|0.00|1.00|42.00|298.34
SU1042|GU1041|0.93|518.00|9.00|1.00|99.00|571.20
SU1043|GU1041|0.79|416.00|9.00|1.00|88.00|604.87
SU1044|GU1042|0.49|506.00|12.00|1.00|101.00|1042.26
SU1045|GU1043|0.22|81.00|11.00|1.00|40.00|1029.14
SU1046|GU1044|0.30|128.00|35.00|1.00|78.00|683.31
SU1047|GU1045|0.50|62.00|11.00|1.00|42.00|340.83
SU1048|GU1045|0.42|89.00|8.00|1.00|59.00|385.23
SU1049|GU1046|0.66|220.00|1.00|1.00|53.00|625.54
SU1050|GU1048|0.49|121.00|7.00|1.00|47.00|546.90
SU1051|GU1049|0.29|45.00|4.00|1.00|24.00|687.65
SU1052|GU1050|0.10|4.00|0.00|15.00|4.00|937.00
SU1053|GU1051|0.31|248.00|34.00|1.00|95.00|931.41
SU1054|GU1051|0.48|406.00|26.00|1.00|147.00|600.20
SU1055|GU1051|0.54|200.00|17.00|1.00|66.00|600.68
SU1056|GU1051|0.57|203.00|23.00|1.00|83.00|473.35
SU1057|GU1051|0.72|238.00|16.00|1.00|74.00|471.92
SU1058|GU1052|0.51|260.00|6.00|1.00|72.00|713.86
SU1059|GU1052|0.82|268.00|7.00|1.00|57.00|585.86
SU1060|GU1052|0.71|241.00|6.00|1.00|65.00|530.43
SU1061|GU1053|0.79|816.00|26.00|1.00|142.00|744.55
SU1062|GU1053|0.62|574.00|40.00|1.00|120.00|816.06
SU1063|GU1053|0.68|701.00|25.00|1.00|153.00|688.34
SU1064|GU1053|0.56|933.00|26.00|1.00|146.00|1162.54
SU1065|GU1053|0.53|717.00|29.00|1.00|128.00|1097.29
SU1066|GU1054|0.96|631.00|32.00|1.00|107.00|644.51
SU1067|GU1054|0.55|688.00|27.00|1.00|82.00|1581.78
SU1068|GU1055|0.71|794.00|33.00|1.00|87.00|1323.03
SU1069|GU1056|0.25|180.00|0.00|1.00|49.00|1428.35
SU1070|GU1057|1.04|448.00|11.00|1.00|77.00|571.13
SU1071|GU1057|0.40|404.00|6.00|1.00|61.00|1669.44
SU1072|GU1058|0.45|200.00|13.00|2.00|86.00|544.44
SU1073|GU1058|0.44|236.00|16.00|2.00|83.00|678.31
SU1074|GU1059|0.57|210.00|6.00|2.00|53.00|710.47
SU1075|GU1059|0.26|235.00|1.00|2.00|82.00|1071.67
SU1076|GU1004|0.57|236.00|11.00|3.00|78.00|549.56
SU1077|GU1059|0.30|91.00|6.00|2.00|45.00|717.09
SU1078|GU1060|0.40|49.00|0.00|2.00|26.00|459.58
SU1079|GU0073|0.35|188.00|13.00|10.00|91.00|610.93
SU1080|GU1062|0.58|158.00|4.00|1.00|50.00|549.90
SU1081|GU1062|0.27|33.00|1.00|1.00|19.00|643.90
SU1082|GU1066|0.43|317.00|54.00|3.00|103.00|821.10
SU1083|GU1066|0.88|1137.00|98.00|3.00|169.00|827.82
SU1084|GU1067|0.09|16.00|3.00|1.00|14.00|1361.06
SU1085|GU1068|0.22|150.00|5.00|1.00|76.00|890.01
SU1086|GU1069|1.35|616.00|9.00|1.00|78.00|589.85
SU1087|GU1070|0.47|361.00|30.00|1.00|102.00|810.12
SU1088|GU1071|0.42|230.00|11.00|1.00|54.00|1054.60
SU1089|GU1072|0.52|151.00|6.00|1.00|35.00|848.17
SU1091|GU1064|0.12|3.00|0.00|4.00|3.00|780.74
SU1092|GU1064|0.14|5.00|0.00|4.00|5.00|677.45
SU1093|GU1074|0.16|4.00|1.00|1.00|4.00|736.17
SU1094|GU1075|0.72|203.00|8.00|1.00|52.00|559.00
SU1095|GU1075|0.47|184.00|22.00|1.00|56.00|782.52
SU1096|GU1076|0.38|25.00|5.00|8.00|20.00|390.46
SU1302|GU1301|0.08|59.00|35.00|3.00|49.00|2168.31
SU1303|GU1301|0.10|50.00|48.00|3.00|49.00|1858.80
SU1305|GU1302|0.38|201.00|313.00|2.00|97.00|1384.03
SU1306|GU1302|0.23|358.00|442.00|2.00|138.00|2502.47
SU1307|GU1303|0.18|206.00|90.00|1.00|86.00|1827.22
SU1308|GU1304|0.27|173.00|147.00|1.00|99.00|1160.53
SU1309|GU1304|0.30|85.00|75.00|1.00|60.00|886.16
SU1310|GU1305|0.19|296.00|132.00|2.00|120.00|1854.22
SU1311|GU1306|0.44|114.00|63.00|4.00|57.00|695.55
SU1312|GU1307|0.09|7.00|1.00|3.00|5.00|1735.87
SU1313|GU1308|0.11|6.00|7.00|3.00|10.00|1176.26
SU1314|GU1309|0.10|10.00|6.00|3.00|15.00|1004.60
SU1315|GU1310|0.15|200.00|92.00|3.00|93.00|1982.44
SU1316|GU1311|0.11|402.00|195.00|2.00|158.00|3275.18
SU1317|GU1010|1.06|483.00|157.00|1.00|109.00|552.62
SU1318|GU1010|0.56|376.00|67.00|1.00|85.00|924.20
SU1319|GU1010|0.85|296.00|43.00|1.00|75.00|527.86
SU1320|GU1011|0.56|454.00|113.00|1.00|90.00|1113.18
SU1321|GU1312|0.08|30.00|1.00|5.00|27.00|1318.48
SU1322|GU1313|0.19|302.00|171.00|2.00|104.00|2308.59
SU1323|GU1314|0.28|274.00|156.00|2.00|84.00|1772.18
SU1324|GU1314|0.15|84.00|60.00|2.00|54.00|1677.05
SU1325|GU1315|0.22|490.00|133.00|2.00|144.00|1946.71
SU1326|GU1315|0.40|267.00|97.00|2.00|82.00|1087.39
SU1327|GU1316|0.17|185.00|57.00|2.00|96.00|1436.39
SU1328|GU1317|0.03|2.00|0.00|10.00|2.00|3154.56
SU1329|GU1317|0.03|2.00|0.00|10.00|2.00|2907.00
SU1330|GU1318|0.06|8.00|0.00|5.00|6.00|2051.82
SU1332|GU1319|0.04|1.00|0.00|5.00|1.00|2126.39
SU1336|GU1320|0.05|1.00|1.00|10.00|2.00|1784.78
SU1337|GU1320|0.06|1.00|0.00|10.00|1.00|1631.86
SU1339|GU1322|0.04|3.00|0.00|4.00|3.00|2065.20
SU1340|GU1322|0.04|9.00|0.00|4.00|9.00|2071.44
SU1341|GU1322|0.06|8.00|1.00|4.00|7.00|2006.03
SU1342|GU1323|0.09|4.00|0.00|4.00|3.00|1370.06
SU1343|GU1323|0.07|8.00|0.00|4.00|8.00|1397.68
SU1344|GU1323|0.04|10.00|0.00|4.00|10.00|2085.40
SU1345|GU1323|0.04|8.00|0.00|4.00|8.00|2004.43
SU1346|GU1323|0.09|7.00|1.00|4.00|8.00|1072.21
SU1347|GU1322|0.06|6.00|0.00|4.00|6.00|1655.12
SU1348|GU1322|0.05|6.00|0.00|4.00|6.00|1667.91
SU1349|GU1322|0.06|12.00|0.00|4.00|10.00|1942.07
SU1350|GU1322|0.04|6.00|0.00|4.00|6.00|2019.98
SU1351|GU1322|0.05|6.00|0.00|4.00|6.00|1946.72
SU1352|GU1324|0.13|2.00|0.00|5.00|1.00|1447.54
SU1353|GU1325|0.13|6.00|0.00|2.00|6.00|746.66
SU1354|GU1325|0.10|5.00|0.00|2.00|5.00|956.25
SU1355|GU1326|0.14|4.00|0.00|3.00|4.00|675.22
SU1356|GU1326|0.06|11.00|1.00|3.00|11.00|1613.94
SU1357|GU1326|0.05|14.00|4.00|3.00|16.00|1942.63
SU1358|GU1327|0.11|15.00|5.00|8.00|16.00|1070.91
SU1359|GU1328|0.07|4.00|0.00|6.00|4.00|1350.93
SU1360|GU1329|0.18|61.00|5.00|6.00|40.00|867.67
SU1361|GU1330|0.10|13.00|11.00|5.00|20.00|1144.89
SU1362|GU1331|0.13|8.00|4.00|6.00|12.00|719.80
SU1363|GU1332|0.23|17.00|11.00|6.00|22.00|535.07
SU1364|GU1333|0.29|15.00|5.00|7.00|19.00|359.46
SU1365|GU1334|0.05|47.00|14.00|6.00|50.00|2299.87
SU1366|GU1334|0.17|35.00|13.00|6.00|35.00|782.84
SU1367|GU1335|0.12|1.00|1.00|2.00|2.00|803.36
SU1368|GU1336|0.24|2.00|5.00|2.00|4.00|726.84
SU1369|GU1337|0.24|14.00|0.00|2.00|13.00|432.15
SU1370|GU1338|0.16|2.00|1.00|3.00|3.00|618.30
SU1371|GU1339|0.11|21.00|20.00|4.00|31.00|1131.86
SU1372|GU1357|0.10|29.00|2.00|5.00|22.00|1340.02
SU1377|GU1362|0.17|1.00|0.00|8.00|1.00|557.45
SU1379|GU1364|0.06|7.00|0.00|20.00|7.00|1347.13
SU1380|GU1365|0.11|8.00|0.00|9.00|7.00|951.52
SU1381|GU1365|0.14|80.00|2.00|9.00|72.00|786.47
SU1382|GU1365|0.04|54.00|0.00|9.00|50.00|2200.44
SU1383|GU1365|0.23|109.00|8.00|9.00|69.00|726.98
SU1384|GU1366|0.06|12.00|2.00|4.00|14.00|1615.65
SU1385|GU1367|0.13|5.00|0.00|4.00|5.00|758.50
SU1386|GU1368|0.04|6.00|0.00|8.00|6.00|2089.17
SU1387|GU1368|0.02|7.00|0.00|8.00|7.00|3429.48
SU1388|GU1368|0.03|3.00|0.00|8.00|3.00|3114.58
SU1602|GU1601|0.07|5.00|7.00|3.00|11.00|1372.03
SU1603|GU1603|0.08|8.00|8.00|3.00|13.00|1505.48
SU1604|GU1604|0.13|8.00|2.00|4.00|10.00|763.88
SU1605|GU1605|0.26|192.00|50.00|2.00|114.00|792.96
SU1606|GU1606|0.19|1.00|0.00|6.00|1.00|497.32
SU1607|GU1607|0.05|1.00|0.00|6.00|1.00|1971.00
SU1609|GU1610|0.10|1.00|0.00|5.00|1.00|981.26
SU1617|GU1626|1.32|1.00|8.00|1.00|1.00|680.46
SU1618|GU1627|0.11|2.00|0.00|2.00|2.00|876.27
SU1620|GU1629|1.65|185.00|113.00|2.00|104.00|172.76
SU1621|GU1629|0.57|49.00|21.00|2.00|46.00|264.81
SU1622|GU1630|0.50|45.00|12.00|4.00|43.00|259.88
SU1623|GU1630|0.31|80.00|32.00|4.00|66.00|544.77
SU1624|GU1631|0.67|10.00|5.00|6.00|13.00|170.00
SU1625|GU1632|0.45|13.00|2.00|8.00|12.00|273.73
SU1626|GU1632|1.56|62.00|2.00|8.00|35.00|115.48
SU1627|GU1631|0.49|28.00|12.00|6.00|35.00|229.49
SU1628|GU1632|0.36|21.00|3.00|8.00|24.00|273.91
SU1629|GU1632|0.21|42.00|11.00|8.00|39.00|623.13
SU1630|GU1632|0.56|17.00|7.00|8.00|18.00|235.13
SU1631|GU1632|0.52|43.00|11.00|8.00|31.00|329.81
SU1632|GU1632|1.03|51.00|7.00|8.00|38.00|145.51
SU1633|GU1632|0.30|18.00|0.00|8.00|17.00|341.44
SU1634|GU1632|0.34|99.00|14.00|8.00|73.00|442.45
SU1635|GU1632|0.36|7.00|1.00|8.00|8.00|270.42
SU1636|GU1632|0.67|15.00|2.00|8.00|16.00|156.17
SU1637|GU1632|0.47|21.00|1.00|8.00|18.00|254.15
SU1638|GU1632|0.17|16.00|3.00|8.00|18.00|583.53
SU1639|GU1632|0.48|41.00|9.00|8.00|40.00|253.53
SU1640|GU1632|0.46|16.00|0.00|8.00|14.00|245.51
SU1641|GU1632|0.38|21.00|0.00|8.00|21.00|258.30
SU1642|GU1632|0.39|11.00|2.00|8.00|12.00|271.14
SU1643|GU1632|0.50|6.00|2.00|8.00|8.00|197.03
SU1644|GU1632|0.42|7.00|2.00|8.00|9.00|234.96
SU1645|GU1632|0.43|17.00|0.00|8.00|14.00|274.32
SU1646|GU1633|0.51|72.00|13.00|2.00|59.00|278.32
SU1647|GU1633|0.68|158.00|15.00|2.00|103.00|243.96
SU1648|GU1637|1.22|85.00|15.00|4.00|56.00|145.67
SU1649|GU1637|1.14|52.00|28.00|4.00|49.00|142.26
SU1650|GU1638|0.53|72.00|5.00|2.00|32.00|445.75
SU1651|GU1639|0.82|130.00|8.00|4.00|50.00|334.38
SU1652|GU1632|0.25|17.00|0.00|8.00|16.00|414.64
SU1653|GU1632|0.65|5.00|0.00|8.00|5.00|152.32
SU1654|GU1632|0.46|12.00|0.00|8.00|11.00|230.46
SU1655|GU1632|1.12|14.00|0.00|8.00|13.00|94.83
SU1656|GU1632|0.63|17.00|4.00|8.00|18.00|182.11
SU1657|GU1632|0.40|9.00|1.00|8.00|10.00|242.61
SU1658|GU1632|0.15|15.00|3.00|8.00|16.00|734.28
SU1659|GU1632|0.19|2.00|1.00|8.00|3.00|510.74
SU1660|GU1632|0.66|5.00|0.00|8.00|5.00|148.12
SU1661|GU1632|0.50|16.00|1.00|8.00|16.00|207.25
SU1662|GU1632|0.25|6.00|1.00|8.00|7.00|381.94
SU1663|GU1632|0.46|9.00|2.00|8.00|9.00|260.88
SU1664|GU1644|0.16|13.00|0.00|10.00|13.00|584.13
SU1665|GU1645|0.48|12.00|0.00|4.00|9.00|271.62
SU1666|GU1646|0.41|20.00|6.00|4.00|17.00|367.85
SU1667|GU1647|0.05|4.00|2.00|2.00|6.00|1856.68
SU1668|GU1648|0.09|8.00|0.00|2.00|8.00|1030.20
SU1669|GU1650|0.09|5.00|1.00|2.00|5.00|1235.59
SU1670|GU1652|0.07|1.00|0.00|2.00|1.00|1274.51
SU1671|GU1652|0.14|0.00|3.00|2.00|2.00|1004.06
SU1673|GU1654|0.26|4.00|0.00|4.00|4.00|381.73
SU1676|GU1656|0.20|72.00|5.00|4.00|38.00|988.01
SU1677|GU1657|0.15|10.00|0.00|4.00|7.00|942.35
SU1679|GU1659|0.11|4.00|0.00|2.00|3.00|1132.92
SU1680|GU1660|0.10|12.00|0.00|2.00|11.00|1071.66
SU1682|GU1662|0.45|1.00|0.00|3.00|1.00|220.48
SU1683|GU1663|0.70|2.00|1.00|3.00|3.00|142.15
SU1684|GU1663|0.63|48.00|10.00|3.00|39.00|235.47
SU1685|GU1663|0.45|4.00|3.00|3.00|7.00|218.88
SU1686|GU1663|0.44|1.00|0.00|3.00|1.00|224.09
SU1687|GU1664|0.33|9.00|1.00|3.00|10.00|295.32
SU1688|GU1665|0.57|20.00|3.00|3.00|23.00|173.12
SU1689|GU1666|0.79|10.00|4.00|3.00|14.00|126.33
SU1690|GU1667|0.50|3.00|0.00|3.00|3.00|199.48
SU1692|GU1667|0.18|1.00|0.00|3.00|1.00|529.47
SU1693|GU1667|0.20|9.00|0.00|3.00|9.00|497.52
SU1696|GU1670|0.52|2.00|0.00|4.00|2.00|188.31
SU1697|GU1671|0.18|15.00|2.00|2.00|16.00|566.50
SU1698|GU1671|0.32|4.00|0.00|2.00|3.00|413.27
SU1699|GU1672|0.51|69.00|1.00|6.00|39.00|346.47
SU1700|GU1673|0.42|31.00|1.00|2.00|24.00|312.44
SU1701|GU1673|0.63|39.00|0.00|2.00|25.00|244.34
SU1702|GU1672|0.36|50.00|0.00|6.00|36.00|376.60
SU1703|GU1674|0.19|7.00|0.00|4.00|7.00|521.11
SU1704|GU1674|0.23|15.00|1.00|4.00|14.00|494.70
SU1705|GU1675|0.54|24.00|0.00|2.00|21.00|209.37
SU1706|GU1676|0.24|21.00|3.00|2.00|21.00|467.40
SU1707|GU1677|0.32|47.00|0.00|2.00|37.00|388.78
SU1708|GU1678|0.39|14.00|1.00|3.00|12.00|314.18
SU1709|GU1641|0.44|9.00|0.00|3.00|9.00|225.86
SU1710|GU1674|0.22|20.00|0.00|4.00|18.00|499.59
SU1908|GU1908|0.11|17.00|0.00|3.00|17.00|880.25
SU1909|GU1909|0.09|5.00|0.00|4.00|5.00|1010.98
SU1910|GU1910|0.12|1.00|0.00|6.00|1.00|807.48
SU1911|GU1911|0.12|14.00|0.00|2.00|9.00|1277.79
SU1914|GU1923|0.07|3.00|1.00|3.00|4.00|1332.14
SU1915|GU1916|0.20|220.00|9.00|3.00|74.00|1536.73
SU1916|GU1917|0.34|54.00|2.00|3.00|24.00|672.53
SU1917|GU1918|0.11|57.00|5.00|4.00|42.00|1319.82
SU1918|GU1919|0.16|143.00|6.00|15.00|63.00|1349.49
SU1919|GU1920|0.12|10.00|2.00|2.00|12.00|796.50
SU1920|GU1921|0.07|14.00|1.00|5.00|13.00|1479.25
SU2001|GU2001|0.36|47.00|5.00|3.00|22.00|640.46
SU2002|GU2002|0.59|97.00|65.00|3.00|62.00|435.71
SU2003|GU2003|0.27|236.00|6.00|2.00|80.00|1081.68
SU2004|GU2004|0.20|137.00|46.00|3.00|88.00|992.72
SU2005|GU2001|0.75|68.00|8.00|3.00|21.00|478.93
SU2006|GU2103|0.60|22.00|0.00|5.00|11.00|327.13
SU2007|GU2003|0.41|261.00|11.00|2.00|83.00|780.11
SU2008|GU2008|0.77|430.00|28.00|1.50|119.00|494.14
SU2009|GU2008|0.35|389.00|35.00|1.50|123.00|965.52
SU2010|GU2009|0.53|319.00|37.00|1.00|122.00|546.85
SU2011|GU2009|0.58|309.00|21.00|1.00|88.00|642.48
SU2012|GU2102|0.17|21.00|0.00|12.00|13.00|891.07
SU2013|GU2013|0.32|194.00|11.00|1.00|81.00|775.81
SU2014|GU2013|0.23|161.00|12.00|1.00|70.00|1064.91
SU2015|GU2013|0.17|109.00|12.00|1.00|57.00|1212.35
SU2016|GU2013|0.28|796.00|24.00|1.00|179.00|1580.78
SU2017|GU2013|0.35|480.00|14.00|1.00|97.00|1422.50
SU2018|GU2018|0.21|281.00|27.00|3.00|91.00|1556.10
SU2019|GU2018|0.31|162.00|15.00|3.00|72.00|780.63
SU2020|GU2018|0.54|207.00|18.00|3.00|83.00|501.03
SU2021|GU2018|1.00|123.00|21.00|3.00|60.00|237.78
SU2022|GU2019|0.37|247.00|17.00|3.00|95.00|734.01
SU2023|GU2023|0.11|4.00|1.00|2.00|5.00|837.22
SU2024|GU2024|0.63|114.00|26.00|5.00|32.00|691.29
SU2025|GU2025|0.74|108.00|39.00|2.00|38.00|518.34
SU2026|GU2026|0.29|8.00|9.00|10.00|10.00|575.40
SU2027|GU2027|0.51|99.00|19.00|1.00|35.00|660.54
SU2028|GU2028|0.53|68.00|31.00|0.00|27.00|689.65
SU2029|GU2029|1.00|141.00|18.00|0.00|40.00|394.63
SU2030|GU2031|0.43|66.00|19.00|1.00|33.00|590.56
SU2031|GU2032|0.34|53.00|14.00|1.00|24.00|805.99
SU2032|GU2033|0.12|5.00|4.00|1.00|6.00|1221.54
SU2033|GU2036|0.51|81.00|8.00|1.00|36.00|483.98
SU2034|GU2036|0.49|252.00|7.00|1.00|64.00|815.20
SU2035|GU2037|0.17|9.00|0.00|6.00|8.00|635.46
SU2036|GU2038|0.08|9.00|1.00|15.00|9.00|1315.07
SU2037|GU2039|0.13|32.00|4.00|3.00|24.00|1073.06
SU2038|GU2040|0.35|1.00|0.00|15.00|1.00|270.82
SU2041|GU2045|0.13|8.00|1.00|10.00|7.00|907.36
SU2042|GU2046|0.37|46.00|3.00|1.00|25.00|524.59
SU2045|GU2048|0.04|1.00|0.00|10.00|1.00|2016.49
SU2046|GU2049|0.16|6.00|2.00|1.00|7.00|672.43
SU2047|GU2050|0.08|4.00|1.00|1.00|5.00|1124.25
SU2048|GU2051|0.27|6.00|2.00|5.00|4.00|721.17
SU2049|GU2052|0.37|12.00|3.00|10.00|6.00|648.99
SU2050|GU2053|0.86|205.00|20.00|8.00|42.00|614.42
SU2051|GU2053|0.40|339.00|29.00|8.00|58.00|1536.99
SU2052|GU2053|0.59|102.00|15.00|8.00|27.00|718.96
SU2053|GU2055|0.24|50.00|8.00|2.00|23.00|1026.47
SU2054|GU2056|0.47|166.00|14.00|1.00|39.00|968.26
SU2055|GU2057|0.75|121.00|25.00|1.00|32.00|604.01
SU2056|GU2057|0.88|390.00|85.00|1.00|63.00|853.93
SU2057|GU2058|0.77|211.00|13.00|1.00|37.00|778.44
SU2058|GU2059|0.27|130.00|23.00|3.00|40.00|1389.82
SU2059|GU2060|0.33|4.00|1.00|3.00|3.00|501.88
SU2060|GU2061|0.21|15.00|0.00|1.00|11.00|648.56
SU2061|GU2062|1.05|160.00|14.00|3.00|36.00|459.37
SU2062|GU2063|0.22|7.00|5.00|2.00|7.00|767.75
SU2063|GU2064|0.32|20.00|13.00|1.00|20.00|505.41
SU2064|GU2065|1.20|435.00|124.00|1.00|57.00|816.03
SU2065|GU2066|0.59|160.00|102.00|1.00|45.00|985.94
SU2066|GU2067|0.29|40.00|8.00|1.00|21.00|778.75
SU2067|GU2068|0.40|34.00|10.00|2.00|22.00|495.63
SU2068|GU2069|0.22|49.00|11.00|5.00|25.00|1082.29
SU2069|GU2070|0.43|149.00|30.00|8.00|49.00|832.60
SU2070|GU2070|0.56|330.00|32.00|8.00|69.00|921.51
SU2071|GU2071|0.43|183.00|2.00|1.00|56.00|759.59
SU2072|GU2072|0.35|24.00|1.00|1.00|16.00|442.40
SU2073|GU2073|0.33|6.00|0.00|1.00|3.00|601.89
SU2074|GU2074|0.23|3.00|0.00|6.00|3.00|424.74
SU2075|GU2075|0.17|6.00|1.00|6.00|6.00|653.11
SU2076|GU2076|0.23|7.00|3.00|10.00|7.00|595.73
SU2078|GU2033|0.16|27.00|16.00|1.00|27.00|948.14
SU2079|GU2033|0.18|27.00|15.00|1.00|25.00|900.95
SU2080|GU2033|0.14|13.00|5.00|1.00|14.00|879.97
SU2081|GU2033|0.21|29.00|0.00|1.00|20.00|660.28
SU2082|GU2084|0.47|4.00|1.00|6.00|5.00|209.77
SU2083|GU2082|0.33|30.00|0.00|8.00|22.00|397.33
SU2084|GU2086|0.73|31.00|2.00|10.00|18.00|244.72
SU2085|GU2085|0.38|203.00|2.00|10.00|52.00|1001.44
SU2087|GU2088|0.12|1.00|0.00|3.00|1.00|788.52
SU2090|GU2091|0.08|2.00|0.00|12.00|2.00|1140.09
SU2091|GU2092|0.02|1.00|0.00|12.00|1.00|4006.14
SU2095|GU2095|0.07|1.00|0.00|8.00|1.00|1366.80
SU2096|GU2095|0.03|2.00|0.00|8.00|2.00|3035.19
SU2104|GU2103|0.43|133.00|0.00|5.00|42.00|725.99
SU2107|GU2105|0.05|0.00|1.00|8.00|1.00|1858.16
SU2108|GU2106|0.04|2.00|0.00|8.00|2.00|1984.75
SU2111|GU2108|0.04|0.00|1.00|26.00|1.00|2125.88
SU2112|GU2109|0.05|2.00|0.00|8.00|2.00|1965.24
SU2113|GU2109|0.10|30.00|0.00|8.00|23.00|1200.77
SU2114|GU2110|0.04|2.00|0.00|8.00|2.00|2415.66
SU2115|GU2110|0.16|9.00|0.00|8.00|8.00|673.52
SU2116|GU2111|0.05|2.00|0.00|16.00|2.00|1807.77
SU2121|GU2114|0.06|1.00|0.00|8.00|1.00|1437.73
SU2124|GU2115|0.30|76.00|24.00|3.00|37.00|882.35
SU2125|GU2116|0.22|40.00|4.00|2.00|25.00|767.48
SU2126|GU2117|0.19|7.00|3.00|10.00|10.00|506.66
SU2127|GU2117|0.21|12.00|2.00|10.00|14.00|456.83
SU2128|GU2115|0.48|404.00|90.00|3.00|89.00|1136.34
SU2129|GU2119|0.16|86.00|11.00|3.00|43.00|1355.68
SU2130|GU2119|0.53|201.00|10.00|3.00|43.00|922.95
SU2131|GU2119|1.21|188.00|6.00|3.00|43.00|371.47
SU2132|GU2119|0.46|263.00|17.00|3.00|44.00|1379.09
SU2133|GU2119|0.84|188.00|12.00|3.00|43.00|548.23
SU2134|GU2119|0.41|282.00|15.00|3.00|60.00|1193.02
SU2135|GU2119|0.64|101.00|10.00|3.00|27.00|637.29
SU2136|GU2119|0.41|183.00|11.00|3.00|43.00|1090.58
SU2137|GU2119|0.63|71.00|8.00|3.00|23.00|536.71
SU2138|GU2119|0.50|286.00|15.00|3.00|59.00|1014.26
SU2139|GU2118|1.09|297.00|95.00|5.00|71.00|500.59
SU2140|GU2118|0.93|121.00|39.00|5.00|38.00|448.90
SU2141|GU2118|0.69|82.00|58.00|5.00|37.00|541.47
SU2142|GU2121|0.35|97.00|1.00|1.00|33.00|826.92
SU2143|GU2122|0.15|5.00|0.00|10.00|4.00|794.03
SU2144|GU2122|0.12|7.00|0.00|10.00|5.00|1065.51
SU2145|GU2123|0.16|3.00|0.00|10.00|2.00|916.94
SU2146|GU2124|0.11|1.00|0.00|20.00|1.00|832.41
SU2147|GU2124|0.05|6.00|0.00|20.00|6.00|1690.69
SU2148|GU2125|0.10|5.00|0.00|12.00|5.00|964.38
SU2149|GU2126|0.08|7.00|0.00|20.00|6.00|1351.79
SU2150|GU2127|0.06|1.00|0.00|22.00|1.00|1518.01
SU2153|GU2129|0.06|2.00|0.00|3.00|2.00|1607.58
SU2154|GU2130|0.03|2.00|0.00|8.00|2.00|2500.11
SU2160|GU2135|0.42|132.00|70.00|3.00|43.00|1115.60
SU2161|GU2135|0.45|38.00|18.00|3.00|24.00|516.73
SU2162|GU2135|0.34|37.00|25.00|3.00|24.00|756.67
SU2163|GU2136|0.13|5.00|2.00|6.00|7.00|718.02
SU2164|GU2135|0.14|19.00|9.00|3.00|15.00|1275.42
SU2165|GU2135|0.08|2.00|0.00|3.00|2.00|1189.44
SU2168|GU2140|0.05|1.00|0.00|20.00|1.00|1730.58
SU2171|GU2142|0.27|195.00|0.00|2.00|57.00|1262.37
SU2172|GU2142|0.17|201.00|0.00|2.00|54.00|2094.73
SU2173|GU2142|0.13|122.00|0.00|2.00|44.00|2127.56
SU2174|GU2143|0.22|71.00|0.00|5.00|31.00|1016.81
SU2175|GU2143|0.11|26.00|0.00|5.00|14.00|1640.66
SU2176|GU2143|0.39|129.00|0.00|5.00|45.00|724.39
SU2177|GU2143|0.26|152.00|0.00|5.00|54.00|1055.18
SU2178|GU2143|0.09|18.00|0.00|5.00|18.00|1014.61
SU2179|GU2143|0.10|19.00|0.00|5.00|17.00|1052.91
SU2180|GU2143|0.16|17.00|0.00|5.00|11.00|947.99
SU2181|GU2144|0.10|2.00|0.00|3.00|2.00|995.73
SU2182|GU2144|0.07|3.00|0.00|3.00|3.00|1305.29
SU2183|GU2144|0.10|3.00|0.00|3.00|3.00|975.34
SU2185|GU2145|0.26|2.00|0.00|15.00|1.00|716.76
SU2187|GU2147|0.52|226.00|305.00|8.00|105.00|953.89
SU2188|GU2148|1.16|600.00|23.00|1.00|138.00|386.52
SU2189|GU2149|0.29|81.00|1.00|10.00|39.00|697.10
SU2190|GU2149|0.39|402.00|10.00|10.00|86.00|1200.05
SU2191|GU2149|0.41|216.00|7.00|10.00|74.00|719.17
SU2301|GU2301|0.51|102.00|2.00|5.00|55.00|367.76
SU2302|GU2301|0.37|193.00|14.00|5.00|123.00|447.87
SU2303|GU2301|0.86|26.00|8.00|5.00|18.00|218.16
SU2304|GU2302|0.36|75.00|1.00|20.00|49.00|404.00
SU2305|GU2302|0.44|83.00|11.00|20.00|49.00|405.59
SU2325|GU2324|0.09|6.00|0.00|3.00|6.00|998.79
SU2326|GU2324|0.25|6.00|1.00|3.00|6.00|462.23
SU2327|GU2323|0.14|7.00|3.00|5.00|7.00|969.61
SU2328|GU2325|0.26|3.00|0.00|10.00|2.00|547.58
SU2329|GU2326|0.32|3.00|0.00|5.00|3.00|307.86
SU2349|GU2363|0.37|3.00|0.00|10.00|3.00|262.48
SU2351|GU2363|0.23|0.00|2.00|10.00|1.00|853.53
SU2385|GU2378|0.09|2.00|0.00|5.00|2.00|1036.80
SU2386|GU2378|0.12|2.00|0.00|5.00|2.00|818.62
SU2388|GU2380|0.13|1.00|0.00|5.00|1.00|755.90
SU2389|GU2380|0.12|3.00|0.00|5.00|3.00|798.49
SU2402|GU2400|0.14|3.00|0.00|10.00|3.00|663.44
SU2406|GU2404|0.09|1.00|0.00|20.00|1.00|963.99
SU2601|GU2601|0.53|37.00|2.00|1.00|26.00|280.93
SU2602|GU2602|0.36|30.00|1.00|1.00|24.00|356.61
SU2603|GU2602|1.74|64.00|70.00|1.00|39.00|196.54
SU2604|GU2602|2.11|229.00|118.00|1.00|102.00|160.76
SU2605|GU2602|4.15|1273.00|703.00|1.00|191.00|248.99
SU2606|GU2603|6.92|145.00|112.00|4.00|48.00|77.15
SU2608|GU2610|1.40|9.00|1.00|2.00|7.00|101.65
SU2609|GU2610|1.30|3.00|0.00|2.00|2.00|115.08
SU2610|GU2613|1.04|1.00|0.00|1.50|1.00|96.10
SU2612|GU2616|0.49|3.00|0.00|2.00|2.00|303.81
SU2613|GU2617|0.37|2.00|0.00|23.00|2.00|246.55
SU2614|GU2617|0.67|1.00|0.00|23.00|1.00|136.48
SU2617|GU2601|0.19|4.00|1.00|1.00|5.00|513.17
SU2618|GU2601|0.24|10.00|1.00|1.00|11.00|416.54
SU2619|GU2625|0.26|12.00|0.00|14.00|9.00|490.16
SU2620|GU2627|0.10|2.00|1.00|15.00|3.00|899.99
SU2621|GU2630|0.24|3.00|1.00|19.00|3.00|513.49
SU2624|GU2645|0.36|21.00|1.00|2.00|20.00|305.25
SU2625|GU2643|0.48|9.00|0.00|2.00|8.00|232.06
SU2627|GU2648|0.15|1.00|0.00|18.00|1.00|633.29
SU2632|GU2655|1.94|753.00|265.00|1.00|263.00|199.25
SU2633|GU2659|0.55|193.00|41.00|4.00|78.00|540.06
SU2634|GU2660|0.65|324.00|74.00|3.00|95.00|643.10
SU2635|GU2662|0.80|514.00|151.00|1.00|117.00|704.22
SU2636|GU2661|0.32|63.00|26.00|2.00|32.00|856.64
SU2637|GU2603|7.11|50.00|27.00|4.00|24.00|44.99
SU2638|GU2603|4.00|97.00|54.00|4.00|35.00|107.39
SU2639|GU2603|2.02|298.00|97.00|4.00|71.00|273.87
SU2640|GU2603|1.71|154.00|51.00|4.00|49.00|243.99
SU2641|GU2668|2.47|299.00|103.00|2.00|82.00|197.68
SU2642|GU2669|2.30|363.00|140.00|2.00|104.00|209.57
SU2643|GU2667|2.33|233.00|109.00|3.00|73.00|200.32
SU2644|GU2670|3.69|82.00|13.00|1.00|39.00|65.89
SU2645|GU2671|5.47|188.00|22.00|1.00|37.00|103.73
SU2646|GU2675|0.68|15.00|2.00|4.00|14.00|178.10
SU2647|GU2676|0.82|26.00|1.00|3.00|22.00|148.12
SU2648|GU2657|6.99|391.00|89.00|12.00|89.00|75.39
SU2649|GU2683|1.52|7.00|0.00|15.00|4.00|111.02
SU2650|GU2683|1.05|6.00|0.00|15.00|6.00|91.85
SU2651|GU2683|1.26|11.00|1.00|15.00|10.00|91.59
SU2652|GU2698|1.34|19.00|11.00|3.00|20.00|111.48
SU2653|GU2665|1.09|140.00|31.00|12.00|48.00|317.55
SU2654|GU2665|0.85|111.00|14.00|12.00|49.00|291.28
SU2655|GU2665|3.31|192.00|31.00|12.00|44.00|149.33
SU2656|GU2665|2.28|159.00|20.00|12.00|55.00|139.61
SU2657|GU2679|2.36|222.00|34.00|10.00|89.00|119.57
SU2658|GU2679|3.21|188.00|23.00|10.00|56.00|115.39
SU2659|GU2679|5.80|221.00|52.00|10.00|59.00|78.50
SU2660|GU2679|4.21|204.00|40.00|10.00|44.00|129.54
SU2666|GU2692|0.33|4.00|0.00|2.00|4.00|301.62
SU2667|GU2693|0.12|0.00|1.00|20.00|1.00|726.13
SU2669|GU2696|0.22|8.00|1.00|2.00|9.00|441.57
SU2671|GU2701|0.28|1.00|0.00|18.00|1.00|330.45
SU2901|GU2901|0.06|10.00|0.00|16.00|10.00|1482.83
SU2902|GU2903|0.14|1.00|0.00|18.00|1.00|640.05
SU2903|GU2904|0.08|1.00|0.00|4.00|1.00|1200.79
SU2904|GU2905|0.11|12.00|0.00|6.00|12.00|852.06
SU2905|GU2906|0.09|1.00|0.00|6.00|1.00|1016.05
SU2906|GU2907|0.13|1.00|0.00|14.00|1.00|712.13
SU2907|GU2908|0.11|5.00|0.00|4.00|5.00|837.69
SU2908|GU2909|0.11|33.00|1.00|5.00|24.00|1190.54
SU2909|GU2910|0.10|4.00|2.00|2.00|5.00|1182.72
SU2913|GU2914|0.06|10.00|0.00|2.00|10.00|1605.05
SU2914|GU2915|0.16|43.00|9.00|2.00|35.00|880.20
SU2915|GU2916|0.13|27.00|10.00|1.00|27.00|990.30
SU2916|GU2917|0.17|5.00|0.00|18.00|4.00|688.36
SU2918|GU2919|0.15|1.00|0.00|7.00|1.00|654.93
SU2922|GU2923|0.23|1.00|0.00|25.00|1.00|378.85
SU2925|GU2926|0.46|32.00|13.00|0.00|25.00|389.63
SU2926|GU2927|0.46|10.00|7.00|2.00|11.00|332.18
SU2927|GU2928|0.70|50.00|43.00|2.00|35.00|379.11
SU2928|GU2929|0.31|23.00|4.00|4.00|22.00|393.18
SU2934|GU2937|0.15|1.00|0.00|28.00|1.00|580.09
SU2935|GU2938|1.28|1.00|0.00|14.00|1.00|75.66
SU2936|GU2939|0.18|1.00|0.00|0.00|1.00|551.05
SU2944|GU2947|0.06|6.00|0.00|1.00|6.00|1545.27
SU2945|GU2948|0.08|2.00|1.00|0.00|3.00|1241.40
SU2948|GU2951|0.04|3.00|0.00|4.00|3.00|2361.36
SU2950|GU2954|0.72|0.00|1.00|4.00|1.00|137.29
SU2951|GU2955|0.27|1.00|1.00|7.00|2.00|359.32
SU2964|GU0001|0.23|97.00|20.00|3.00|74.00|668.70
SU3000|GU3000|0.03|2.00|0.00|1.00|2.00|3118.21
SU3001|GU3001|0.04|2.00|0.00|0.50|2.00|2278.22
SU3002|GU3002|0.03|5.00|0.00|1.00|5.00|2961.82
SU3003|GU3003|0.04|2.00|0.00|2.50|2.00|2016.45
SU3004|GU3005|0.05|3.00|0.00|2.00|3.00|1684.41
SU3005|GU3004|0.17|11.00|0.00|3.00|11.00|573.97
SU3006|GU3004|0.04|10.00|0.00|3.00|10.00|2069.86
SU3007|GU3049|0.05|6.00|0.00|5.00|6.00|1950.88
SU3008|GU3048|0.14|14.00|1.00|5.00|15.00|684.61
SU3009|GU3050|0.11|8.00|0.00|5.00|7.00|948.76
SU3010|GU3052|0.11|5.00|0.00|10.00|5.00|885.28
SU3012|GU3053|0.04|3.00|0.00|10.00|3.00|2442.98
SU3013|GU3054|0.08|6.00|0.00|8.00|6.00|1136.28
SU3014|GU3055|0.12|7.00|0.00|5.00|6.00|946.96
SU3015|GU3055|0.06|13.00|0.00|5.00|9.00|2155.66
SU3016|GU3056|0.13|110.00|0.00|2.00|50.00|1653.08
SU3017|GU3057|0.14|10.00|0.00|0.00|10.00|675.71
SU3018|GU3058|0.13|132.00|1.00|4.00|78.00|1291.28
SU3019|GU3059|0.14|75.00|0.00|5.00|34.00|1481.69
SU3020|GU3059|0.05|18.00|0.00|5.00|16.00|2141.03
SU3021|GU3059|0.09|55.00|0.00|5.00|45.00|1221.95
SU3023|GU3009|0.12|2.00|2.00|4.50|3.00|1086.35
SU3024|GU3010|0.04|37.00|0.00|2.50|33.00|2278.30
SU3025|GU3011|0.05|7.00|0.00|11.50|7.00|1876.96
SU3026|GU3012|0.06|3.00|1.00|12.50|4.00|1591.05
SU3027|GU3013|0.21|2.00|0.00|11.50|2.00|448.24
SU3028|GU3013|0.12|18.00|0.00|11.50|14.00|1039.52
SU3029|GU3014|0.06|3.00|0.00|14.00|3.00|1533.05
SU3030|GU3015|0.15|1.00|0.00|17.00|1.00|626.18
SU3031|GU3061|0.16|11.00|0.00|5.00|9.00|752.48
SU3032|GU3061|0.12|6.00|0.00|5.00|5.00|939.08
SU3033|GU3040|0.25|99.00|0.00|0.50|41.00|963.95
SU3034|GU3016|0.24|118.00|0.00|2.00|56.00|876.48
SU3035|GU3016|0.08|119.00|0.00|2.00|52.00|2689.25
SU3036|GU3016|0.30|297.00|0.00|2.00|68.00|1413.80
SU3037|GU3016|0.50|256.00|0.00|2.00|39.00|1303.22
SU3038|GU3017|0.47|253.00|0.00|1.00|41.00|1312.45
SU3039|GU3017|0.27|217.00|0.00|1.00|46.00|1692.40
SU3040|GU3017|0.17|128.00|0.00|1.00|44.00|1617.68
SU3041|GU3017|0.15|51.00|0.00|1.00|22.00|1516.63
SU3042|GU3017|0.15|32.00|0.00|1.00|15.00|1371.75
SU3043|GU3017|0.08|36.00|0.00|1.00|16.00|2695.31
SU3044|GU3041|0.18|41.00|0.00|2.00|17.00|1301.86
SU3045|GU3041|0.09|23.00|0.00|2.00|13.00|1821.57
SU3046|GU3018|0.04|18.00|0.00|1.00|18.00|2399.01
SU3047|GU3023|0.03|7.00|0.00|6.00|7.00|2666.97
SU3048|GU3023|0.03|2.00|0.00|6.00|2.00|2806.83
SU3050|GU3025|0.03|2.00|0.00|8.50|2.00|2590.89
SU3051|GU3025|0.03|3.00|0.00|8.50|3.00|2662.07
SU3052|GU3025|0.04|2.00|0.00|8.50|2.00|2296.33
SU3053|GU3026|0.05|4.00|0.00|2.00|4.00|1849.93
SU3054|GU3027|0.05|8.00|0.00|4.50|8.00|1947.14
SU3055|GU3028|0.04|3.00|0.00|3.00|3.00|2309.68
SU3056|GU3029|0.05|5.00|0.00|4.50|5.00|1853.61
SU3057|GU3029|0.14|50.00|0.00|4.50|32.00|1072.63
SU3058|GU3029|0.21|41.00|0.00|4.50|25.00|763.21
SU3059|GU3035|0.02|3.00|0.00|12.00|3.00|4381.60
SU3060|GU3036|0.02|1.00|0.00|14.00|1.00|3735.76
SU3061|GU3036|0.05|6.00|0.00|14.00|4.00|2811.87
SU3063|GU3043|0.03|2.00|0.00|2.00|2.00|2795.05
SU3064|GU3043|0.03|4.00|0.00|2.00|4.00|2846.64
SU3065|GU3044|0.03|7.00|0.00|0.50|6.00|3696.77
SU3066|GU3045|0.02|1.00|0.00|1.00|1.00|3577.20
SU3067|GU3045|0.06|3.00|0.00|1.00|3.00|1459.60
SU3068|GU3046|0.07|1.00|0.00|2.00|1.00|1279.77
SU3069|GU3019|0.07|60.00|1.00|0.50|41.00|1890.14
SU3070|GU3019|0.16|132.00|0.00|0.50|80.00|1017.66
SU3071|GU3019|0.26|277.00|0.00|0.50|102.00|1037.54
SU3072|GU3019|0.29|141.00|0.00|0.50|63.00|752.92
SU3073|GU3020|0.35|157.00|1.00|0.50|68.00|646.60
SU3074|GU3020|0.38|322.00|1.00|0.50|98.00|849.78
SU3075|GU3020|0.33|162.00|2.00|0.50|66.00|736.35
SU3076|GU3020|0.20|62.00|0.00|0.50|34.00|884.78
SU3077|GU3021|0.15|37.00|0.00|6.00|21.00|1105.88
SU3078|GU3021|0.05|15.00|0.00|6.00|13.00|2010.26
SU3079|GU3022|0.06|15.00|0.00|0.50|15.00|1657.71
SU3080|GU3030|0.12|15.00|0.00|2.00|13.00|916.92
SU3081|GU3030|0.10|31.00|0.00|2.00|28.00|1086.17
SU3082|GU3031|0.07|49.00|0.00|0.50|32.00|2130.58
SU3083|GU3031|0.08|38.00|0.00|0.50|26.00|1648.35
SU3085|GU3033|0.08|4.00|0.00|6.50|3.00|1571.72
SU3086|GU3033|0.06|2.00|0.00|6.50|2.00|1438.24
SU3087|GU3034|0.14|2.00|0.00|4.50|2.00|692.70
SU3088|GU3040|0.25|44.00|0.00|0.50|21.00|812.25
SU3089|GU3040|0.12|30.00|0.00|0.50|22.00|1117.71
SU3090|GU3037|0.08|2.00|0.00|3.00|2.00|1211.54
SU3091|GU3019|0.13|3.00|0.00|0.50|3.00|749.15
SU3092|GU3070|0.10|16.00|0.00|5.00|11.00|1333.14
SU3093|GU3069|0.15|9.00|0.00|3.00|9.00|648.24
SU3094|GU3068|0.16|19.00|0.00|10.00|13.00|865.36
SU3095|GU3067|0.19|5.00|0.00|2.00|5.00|519.86
SU3097|GU3065|0.18|165.00|0.00|3.00|73.00|1236.80
SU3098|GU3064|0.19|77.00|0.00|5.00|50.00|768.71
SU3099|GU3062|0.05|26.00|0.00|5.00|19.00|2353.94
SU3100|GU3065|0.24|37.00|0.00|3.00|29.00|517.92
