SUNo|<>|Byzantine|Hellenistic-Roman|Iron Age|Medieval-Modern|Prehistoric
SU0001|4.62||0.92||0.46|
SU0002|8.32||3.15||3.65|
SU0003|6.91||2.71||1.22|
SU0004|24.57||5.26||1.40|
SU0005|15.17||2.96||1.48|
SU0006|10.00||2.04||0.61|
SU0007|15.01||3.98||0.91|
SU0008|15.41||4.40||2.75|
SU0009|0.72||||0.82|
SU0010|5.42||0.60||1.20|
SU0011|2.00||||0.52|
SU0012|37.52||9.38||7.50|
SU0013|7.28||||2.64|
SU0014|4.33||||1.14|
SU0015|8.49||1.15||1.15|
SU0016|4.57||0.36||0.96|
SU0017|7.91||||1.62|
SU0018|3.74||1.18||3.34|
SU0019|2.24||||3.22|
SU0020|1.73||||0.86|
SU0021|1.47||0.73||2.69|
SU0022|8.28||||1.89|
SU0023|12.12||0.74||3.35|
SU0024|13.30||1.31||5.09|
SU0025|2.40||||1.44|
SU0026|2.95||||4.55|
SU0027|0.72||||3.61|
SU0028|2.72||0.45||2.72|
SU0029|3.88||0.32||2.26|
SU0030|0.34||||0.57|
SU0031|54.68||4.68||42.96|
SU0032|8.58||0.22|0.22|5.24|0.55
SU0033|11.05||0.82||8.56|
SU0034|0.82||||0.23|
SU0035|0.37||0.25|||
SU0036|0.51||||2.33|
SU0037|0.99||||2.24|
SU0038|1.19||||1.78|
SU0039|0.12||||1.33|
SU0040|74.39||1.23||13.63|
SU0041|46.95||2.93|0.58|8.21|
SU0042|0.14|||||
SU0043|19.34||0.26|0.26|7.41|
SU0044|25.42||||17.94|
SU0045|21.24||0.65||14.05|
SU0046|25.41||||20.33|
SU0047|13.17||0.52||0.91|
SU0048|12.08||||3.62|
SU0049|8.47||||3.52|
SU0050|0.51||||0.51|
SU0051|3.77||||19.23|
SU0052|11.06||0.71||3.21|0.17
SU0053|1.87||||29.98|
SU0054|5.59||||23.37|
SU0055|||||0.05|
SU0058|||||0.04|
SU0060|25.91||2.87||56.87|
SU0061|23.88||1.08||10.85|
SU0062|16.72||||24.43|
SU0063|48.39||3.82||10.18|
SU0064|21.33||1.37|0.68|3.44|
SU0065|0.29||||0.29|
SU0066|3.24||||3.24|
SU0067|7.87||0.56||7.59|
SU0068|10.66||||15.74|
SU0069|3.14||0.27||7.38|
SU0070|0.90||0.11||3.03|
SU0071|||||0.29|
SU0072|0.18||||0.56|
SU0073|||||0.15|5.30
SU0074|0.15|||||7.05
SU0075||||||1.03
SU0076|1.81||0.25|0.38||9.73
SU0077|0.69||0.26||0.08|2.34
SU0079|0.34||||0.69|
SU0081|8.63||0.29||16.52|
SU0082|4.59||1.23|0.17|9.72|0.17
SU0083|3.62||||2.89|
SU0084|10.16||1.45|0.29|21.48|
SU0085|6.68||2.44||3.34|
SU0087|2.57|||0.15|0.60|
SU0088|2.03||0.25||2.29|
SU0089|3.56||0.29||4.15|
SU0090|1.74||||0.87|
SU0091|2.28||0.50||3.30|0.50
SU0092|4.56||||3.86|
SU0093|3.83||0.38||5.75|
SU0094|27.16||4.10|0.31|12.00|0.31
SU0095|10.19||1.45||10.92|
SU0098|7.90||0.49||6.91|
SU0099|3.81||0.49|0.07|0.21|0.35
SU0100|5.07||0.75||0.46|
SU0103|0.76|||0.76|0.15|2.52
SU0300|5.95||||1.48|
SU0301|11.13||||18.21|
SU0302|1.69||||0.33|
SU0304|0.10||||0.15|
SU0305|||||0.09|
SU0306|0.41||||0.13|
SU0307|||||0.06|
SU0308|||||0.11|
SU0309|1.19||||0.55|
SU0310|0.63||||0.12|
SU0311|0.07|||||
SU0320|0.05|||||
SU0321|0.17|||||
SU0322|0.20|||||
SU0323|0.08|||||
SU0324|0.03|||||
SU0326|0.24||||0.08|
SU0327|0.08||||0.02|
SU0328|0.28|||||
SU0330|0.40|||||
SU0331|||0.20||0.20|
SU0332|0.12|||||
SU0334|||||0.07|
SU0336|0.06|||||0.06
SU0337|0.08|||||
SU0338|0.04|||||
SU0340|0.13||||0.13|
SU0341|||||0.19|
SU0342|0.14|||||
SU0344|7.50|||0.83|0.83|
SU0345|8.93||0.59||4.16|
SU0346|20.17||6.20|1.55||
SU0347|23.22||3.71|0.92|0.92|
SU0348|36.39||4.54||10.61|
SU0349|19.38||2.98|2.98|4.47|
SU0350|19.51||0.78||5.46|
SU0351|13.65||0.71||7.18|
SU0352|5.92||||1.97|
SU0353|0.07|||||0.15
SU0354|0.38||||0.22|0.11
SU0355|64.41||2.18||55.67|
SU0356|17.28||||1.01|
SU0357|15.65||0.97||14.67|
SU0358|27.80||||13.90|
SU0359|30.35||1.44||1.44|
SU0360|20.48||1.28||6.40|
SU0361|31.80||0.83||1.67|
SU0362|4.11||||24.68|
SU0363|21.68||||17.35|
SU0364|43.61||||14.78|
SU0365|||||158.14|
SU0366|||||76.28|
SU0370|||||0.07|
SU0374|||||0.14|
SU0382|||||0.08|
SU0385|1.82||||3.18|
SU0386|0.32|||||
SU0387|||||1.52|
SU0391|0.05|||||
SU0392|12.84||1.16||6.42|
SU0393|3.45||||12.54|
SU0394|5.05||||2.84|
SU0395|1.38||||0.86|
SU0601|0.21|||||
SU0602|0.19||0.09|||
SU0603|0.19||||0.09|
SU0613|0.81|||||
SU0614|216.18||13.51||20.88|
SU0615|85.01||59.86|1.19|40.71|
SU0616|69.89||37.69||14.92|
SU0617|182.23||45.15||8.06|
SU0618|49.63||4.08||13.43|
SU0619|106.84||31.67||14.28|
SU0620|14.26||2.53||2.85|
SU0621|96.05||18.47||3.69|
SU0622|74.40||234.56||3.78|
SU0623|53.89||0.97||8.81|
SU0624|4.35|||||
SU0625|94.36||2.58|||
SU0626|90.53||8.42||25.26|
SU0627|61.04||11.09||2.77|
SU0628|32.93||1.37||1.37|
SU0629|33.87||7.69||3.07|
SU0630|56.54||||1.82|
SU0631|37.33||2.76||9.68|
SU0632|11.69||||5.19|
SU0633|7.61||||5.07|
SU0634|3.37||||3.37|
SU0635|5.64|||||
SU0636|1.62||||0.65|
SU0637|4.85||0.25||1.78|
SU0638|244.55||22.23||11.11|
SU0639|96.19||5.19||90.99|
SU0640|43.77||13.13|1.45|10.21|
SU0652|||||0.10|
SU0653|||0.11|||
SU0654|||0.21|||
SU0657|0.74|||||
SU0658|1.57||0.73||0.31|
SU0659|35.02||||6.45|
SU0660|4.79||0.36||7.74|
SU0661|32.55||6.70||24.89|
SU1002|40.18||10.27||27.10|
SU1003|39.34||31.47||9.44|
SU1004|31.17||11.79||20.22|
SU1006|9.65||9.00||1.47|
SU1007|1.97||0.82||4.92|
SU1008|11.00||4.84|0.44|5.72|0.44
SU1009|7.13||3.42||5.42|1.14
SU1010|14.67||10.48|1.04|6.28|
SU1011|9.91||7.15|1.10|11.56|
SU1012|8.41||3.60||4.81|0.90
SU1013|0.92|||0.66|0.66|4.36
SU1014|2.13||0.22|0.11|0.33|3.03
SU1015|53.04||35.66|0.91|36.58|3.65
SU1016|12.73||7.79|1.03|8.83|
SU1017|11.71||1.83|0.36|4.02|0.36
SU1018|8.68||0.29||2.99|
SU1019|1.98||0.66||0.66|
SU1020|1.72||||6.90|
SU1021|6.04||1.88||0.75|
SU1022|50.72||26.54|1.76|2.94|1.17
SU1023|35.17||17.58||2.66|
SU1024|35.31||24.95|0.47|5.65|0.47
SU1025|23.33||4.66|0.42|2.96|
SU1026|15.46||2.57|0.32|4.83|
SU1027|8.38||||7.54|0.41
SU1028|5.09||||10.19|
SU1029|25.24||5.52|2.36|7.88|3.15
SU1030|27.55||1.75|1.17|17.00|
SU1031|27.69||0.92|1.84|5.53|0.92
SU1032|16.86||5.62|1.12|3.37|
SU1033|0.47||0.47||1.19|
SU1034|21.18||10.98|0.78|7.06|
SU1035|24.58||15.56||15.56|
SU1036|32.10|0.72|11.67||7.29|0.72
SU1037|15.45||5.88||23.55|
SU1038|22.72|0.94|11.36||48.29|1.89
SU1039|37.78||12.02||54.09|6.86
SU1040|12.93||2.98|0.66|6.30|0.99
SU1041|21.99||5.07||6.76|
SU1042|54.04||13.04||15.84|7.45
SU1043|47.89||3.99||9.57|
SU1044|25.58||5.90||17.22|0.98
SU1045|6.92||0.67|0.22|0.44|0.67
SU1046|11.00||2.44||11.00|
SU1047|14.78||1.52||4.58|0.50
SU1048|15.36||6.40|0.42|2.56|
SU1049|19.32||6.66||7.33|1.33
SU1050|17.42||4.97||3.98|
SU1051|4.15||2.96|0.29|0.29|
SU1052|0.41|||||
SU1053|12.10||0.95|2.23|7.96|0.95
SU1054|37.69||8.32|3.42|14.68|1.46
SU1055|22.43||1.64|3.28|7.66|1.64
SU1056|27.60||3.45|2.87|10.35|2.30
SU1057|37.08||3.63|5.09|7.27|0.72
SU1058|26.90||2.06|1.03|5.69|1.03
SU1059|35.40||9.05||0.82|1.64
SU1060|29.36||9.31|2.86|4.29|
SU1061|61.31||20.70|5.57|15.92|1.59
SU1062|42.00||9.40|3.76|16.29|
SU1063|65.47||17.23|4.82|11.02|0.68
SU1064|55.36||17.51|3.95|4.51|0.56
SU1065|33.45||10.62|2.65|19.64|0.53
SU1066|53.82||0.96|0.96|18.26|30.75
SU1067|35.27||2.75|3.30|6.61|2.75
SU1068|33.76||3.59|0.71|17.95|1.43
SU1069|9.25||1.28||1.28|
SU1070|60.52||12.52|1.04|8.34|1.04
SU1071|17.30||1.20||4.42|1.20
SU1072|27.73||10.45|0.45|0.45|
SU1073|23.26||10.73||0.89|
SU1074|25.22||10.31||0.57|
SU1075|13.68||6.44||1.34|0.53
SU1076|25.31||16.11|0.57|2.87|
SU1077|7.81||3.30||1.80|
SU1078|6.55||1.63||2.04|
SU1079|18.51||5.34|1.42|2.13|2.13
SU1080|26.50||2.35|0.58|0.58|
SU1081|4.16||0.27|0.27|0.27|
SU1082|26.72||14.01|1.31|3.50|
SU1083|83.74||47.60|1.76|12.34|
SU1084|0.59||0.19|0.19|0.29|
SU1085|14.89||0.45|0.68|0.68|0.45
SU1086|86.92||5.43||6.79|5.43
SU1087|38.32||3.31||1.41|4.73
SU1088|9.30||2.11|0.42|9.73|2.96
SU1089|11.10|||0.52|0.52|1.58
SU1091|0.12||||0.12|0.12
SU1092|0.44||||0.14|0.14
SU1093|0.50|||||0.33
SU1094|31.20||1.45||3.62|
SU1095|12.22||||13.63|0.47
SU1096|0.76||1.14||4.94|
SU1302|1.41||0.88|0.08|1.94|
SU1303|1.28||1.50||2.25|
SU1305|15.68||6.50||9.56|1.14
SU1306|14.12||2.54|0.23|12.73|0.23
SU1307|10.92||2.63||2.44|
SU1308|14.48||7.24||2.78|2.50
SU1309|9.62||2.10||6.01|
SU1310|11.53||2.11|1.15|7.68|0.38
SU1311|13.80||2.67||7.57|0.44
SU1312|0.18||0.27|||
SU1313|0.88|||0.11|0.11|
SU1314|0.63||0.21||0.42|
SU1315|8.06||0.94||8.69|0.15
SU1316|7.14||1.96|0.11|8.76|0.11
SU1317|57.36|1.06|7.43|1.06|44.61|1.06
SU1318|24.24||5.07||23.11|
SU1319|29.10||9.41||23.11|
SU1320|28.85||3.96|0.56|18.10|
SU1321|1.04||0.43|0.43||0.34
SU1322|10.43||1.96|0.19|7.28|
SU1323|19.63||1.44|0.57|2.30|0.57
SU1324|6.03||||2.38|
SU1325|16.65|0.44|1.11||13.32|
SU1326|18.35||0.81||14.27|
SU1327|9.64||2.10||4.20|0.35
SU1328|0.03||||0.03|
SU1329|||||0.06|
SU1330|0.25||0.19|||
SU1332|||||0.04|
SU1336|||||0.05|
SU1337|0.06|||||
SU1339|0.04||||0.09|
SU1340|||||0.43|
SU1341|||||0.44|
SU1342|||0.09||0.19|
SU1343|0.14||||0.42|
SU1344|0.14||||0.28|
SU1345|0.19||0.04||0.14|
SU1346|0.27||||0.18|
SU1347|0.18||0.12|||
SU1348|0.35|||||
SU1349|0.30||||0.30|
SU1350|0.24||||0.04|
SU1351|0.15||||0.30|
SU1352|||||0.13|
SU1353|0.13||||0.53|
SU1354|0.52|||||
SU1355|0.44||||0.14|
SU1356|0.20||0.06||0.47|
SU1357|0.57||0.11|||
SU1358|0.69||0.23||0.57|
SU1359|0.14||||0.14|
SU1360|1.51||0.18||5.86|
SU1361|0.41||||1.56|
SU1362|0.96||||0.69|
SU1363|0.70||||3.54|
SU1364|1.74||||3.48|
SU1365|1.05||||1.47|
SU1366|2.96||||2.61|
SU1367|||||0.12|
SU1368|0.48||||0.24|
SU1369|||||2.73|
SU1370|||||0.32|
SU1371|1.39||0.81||1.86|
SU1372|1.99||0.20|||
SU1377|0.17|||||
SU1379|0.06||0.06||0.41|
SU1380|0.35||0.35|0.11||
SU1381|6.43||1.43||2.28|
SU1382|1.30||0.19||0.92|
SU1383|8.52||0.92|0.23|5.98|
SU1384|0.37||0.06||0.37|
SU1385|0.13||||0.52|
SU1386|0.09||0.04||0.14|
SU1387|0.05||||0.14|
SU1388|0.06|||0.03||
SU1602|0.47||0.07|0.07|0.23|
SU1603|0.32||0.48||0.16|0.08
SU1604|0.91||0.26||0.13|
SU1605|10.70||6.68|0.26|12.30|
SU1606|0.19|||||
SU1607|0.05|||||
SU1609|||||0.20|
SU1617|||||1.32|
SU1618|0.11||0.11|||
SU1620|135.91||9.94|4.97|18.23|
SU1621|13.78||5.16||5.74|
SU1622|17.30||4.07|||
SU1623|13.05||7.14||0.62|
SU1624|6.07||1.35|||
SU1625|6.33||0.45|||
SU1626|70.55||7.83||10.97|4.70
SU1628|7.95||0.72|||
SU1629|4.31||1.51||1.29|
SU1630|3.36||||6.73|
SU1631|11.50||0.52||2.61|
SU1632|27.00||4.15||4.15|
SU1633|3.99||||0.30|
SU1634|6.58||5.19||10.73|
SU1635|2.56||0.36|||
SU1636|8.75||0.67||1.34|
SU1637|6.66||2.38|||
SU1638|1.25||0.71||0.53|
SU1639|8.29|0.48|2.44||5.37|
SU1640|1.84||1.38||3.22|
SU1641|5.75||1.15||0.76|
SU1642|2.37||||0.79|
SU1643|3.51||2.01|||
SU1644|2.10||0.42||0.84|
SU1645|2.19||0.87||2.19|0.43
SU1646|23.27||4.65|0.51|0.51|
SU1647|54.35||13.76||2.75|
SU1648|40.35||2.44||11.00|
SU1649|21.75||3.43||6.86|
SU1650|10.78||3.77||1.61|
SU1651|25.52||8.23||4.94|
SU1652|2.28||0.76||0.76|
SU1653|1.95||0.65||0.65|
SU1654|0.46||0.93||3.28|
SU1655|4.49||3.37||4.49|
SU1656|2.53||||6.97|
SU1657|1.63||0.40||2.04|
SU1658|0.15||0.91||1.36|
SU1659|||||0.19|
SU1660|2.00||||1.33|
SU1661|5.58||||2.53|
SU1662|1.03||0.25||0.51|
SU1663|3.24||||0.92|
SU1664|1.51||||0.67|
SU1665|3.42||0.97|||
SU1666|4.14||0.41||2.48|
SU1667|||0.05||0.21|
SU1668|0.58||||0.09|
SU1669|0.09||||0.38|
SU1670|0.07|||||
SU1671|0.14||||0.14|
SU1673|0.26||||0.78|
SU1676|6.54||1.22|||
SU1677|0.30||0.60||0.15|
SU1679|0.11||||0.23|
SU1680|1.01||0.10|||
SU1682|0.45|||||
SU1683|2.10|||||
SU1684|1.89||5.04||17.02|
SU1685|0.45||||2.73|
SU1686|||||0.44|
SU1687|0.67||0.67||1.69|
SU1688|8.07||||6.34|
SU1689|2.37||||6.32|
SU1690|||0.50|||
SU1692|0.18|||||
SU1693|1.40||0.20|||
SU1696|0.52||0.52|||
SU1697|1.87||||1.12|
SU1698|0.96|||||
SU1699|17.00||1.54||1.54|
SU1700|7.25||||2.55|
SU1701|10.20||1.27||2.55|
SU1702|11.00||0.73||1.10|
SU1703|0.19||0.38||0.57|
SU1704|0.92||||1.61|
SU1705|8.72||||2.72|
SU1706|3.66||0.24||0.73|
SU1707|10.44||1.30|||
SU1708|2.78||1.19||0.39|
SU1709|6.18||0.44|0.88||
SU1710|||||3.99|
SU1908|0.56||0.45||0.56|
SU1909|0.09||||0.39|
SU1910|||||0.12|
SU1911|0.12||||1.21|
SU1914|0.14||||0.14|
SU1915|9.45||3.01|0.80|1.40|0.20
SU1916|6.92||||1.38|
SU1917|4.01||0.55||0.11|
SU1918|8.97||0.50|0.33|0.84|
SU1919|0.75||0.12||0.62|
SU1920|0.54|||0.07|0.38|
SU2001|||||7.73|0.36
SU2002|6.58||1.19||25.75|0.59
SU2003|9.22||3.07||9.50|0.55
SU2004|6.06||1.04||9.83|
SU2005|3.77||3.01||10.56|
SU2006||||||6.09
SU2007|14.69||3.35|0.41|16.37|0.41
SU2008|7.00|0.77|3.11|0.77|80.19|
SU2009|4.28|0.35|2.85|0.35|36.76|
SU2010|5.86||1.06||57.61|0.53
SU2011|8.17||2.33||40.26|0.58
SU2012||||||2.30
SU2013|14.35||2.93||9.13|
SU2014|4.17||0.23||11.13|0.23
SU2015|5.07||1.40|0.17|2.80|0.52
SU2016|14.19||6.08||29.26|0.28
SU2017|9.66||4.29|0.35|20.76|
SU2018|4.77||0.65||14.98|
SU2019|6.60||||16.03|
SU2020|26.47||2.16||22.69|
SU2021|19.15||4.03||37.29|
SU2022|12.47||1.13||16.63|
SU2023|0.47||0.11|||
SU2024|7.56||6.30||6.30|
SU2025|21.62||3.72||2.23|
SU2026|2.03||||0.87|0.29
SU2027|6.63||2.04|0.51|8.67|
SU2028|11.16||1.06||2.65|
SU2029|11.07||1.00||7.05|18.13
SU2030|1.74||1.74||3.48|6.54
SU2031|5.19||||1.38|2.42
SU2032|0.12||0.12||0.61|
SU2033|5.10||||12.76|
SU2034|9.92|||0.49|7.94|13.89
SU2035|0.52||0.17|0.35|0.17|
SU2036|0.24|||0.08|0.16|0.16
SU2037|2.23|||0.27||0.83
SU2038|0.35|||||
SU2041|0.55||0.27|0.13||
SU2042|4.48||1.49|0.37|2.98|
SU2045|0.04|||||
SU2046|0.33||0.50||0.33|
SU2047|0.17|||0.08|0.17|
SU2048|0.55||0.55|||
SU2049|0.75||||1.13|
SU2050|27.62||7.77||0.86|
SU2051|16.76||5.31|1.22|0.81|
SU2052|13.13||1.19||1.79|
SU2053|3.92||0.98||0.73|
SU2054|14.77||2.38||2.38|
SU2055|27.94||0.75||3.02|0.75
SU2056|26.48||12.35||17.65|
SU2057|23.32||1.55||2.33|
SU2058|6.04||0.82||4.12|0.27
SU2059|||||0.99|
SU2060|0.42||||1.89|
SU2061|25.21||1.05||11.55|
SU2062|||0.22||1.33|
SU2063|2.93||0.32||3.59|
SU2064|32.44||12.01||21.62|
SU2065|15.94||1.77||7.67|
SU2066|3.52||1.17||1.46|
SU2067|6.85||||2.41|
SU2068|4.19||0.88||0.44|
SU2069|17.37||2.60|0.86||0.86
SU2070|25.93||9.02|0.56||1.12
SU2071|6.52|0.43|2.60|0.43|6.52|0.43
SU2072|4.23||0.35||0.35|0.70
SU2073|0.66||0.33|||
SU2074|0.23||||0.46|
SU2075|1.06|||||
SU2076|0.94|||0.23|0.70|
SU2078|2.18||1.00||1.17|0.16
SU2079|1.86||0.55||2.23|
SU2080|1.31||||0.58|0.14
SU2081|2.63||0.21|0.21|1.09|0.21
SU2082|0.47||||1.89|
SU2083||||||7.47
SU2084|||||3.68|9.59
SU2085|1.93|||0.38|0.38|17.44
SU2087|0.12|||||
SU2090|||||0.17|
SU2091|0.02|||||
SU2095|||0.07|||
SU2096||||||0.06
SU2104|0.43|||||16.51
SU2107|0.05|||||
SU2108|0.04|||||0.04
SU2111|0.04|||||
SU2112|||0.10|||
SU2113|0.21||0.43|0.32||1.50
SU2114|0.08|||||
SU2115|0.82||0.33|||0.16
SU2116|0.10|||||
SU2121||||||0.06
SU2124|6.42||3.67|||0.30
SU2125|3.89||0.45|0.22|0.22|0.68
SU2126|0.77||0.77|||0.19
SU2127|0.86||0.43|0.43||0.21
SU2128|16.09||13.17|0.97|11.21|
SU2129|4.98||1.16||0.83|
SU2130|13.27||6.37||2.65|0.53
SU2131|32.74||14.55||3.63|
SU2132|8.75||5.52|0.92|5.06|0.46
SU2133|20.33||6.77|2.54|5.08|0.84
SU2134|14.08||6.21|1.65|2.90|
SU2135|8.37||3.86|1.93|2.57|
SU2136|12.80||2.89|0.41|0.82|
SU2137|10.22||1.91|0.63|1.91|
SU2138|17.58||5.02|6.52||
SU2139|40.65||13.18|4.39|14.28|
SU2140|17.75||13.08|0.93|5.60|
SU2141|12.53||10.44||0.69|
SU2142|7.18||2.87|0.71||0.35
SU2143|0.31||0.31|||
SU2144|0.51||0.12|||
SU2145|0.16||0.16|||
SU2147|0.27||0.05|||
SU2148|||0.30|||0.30
SU2149|0.40|||||
SU2150|0.06|||||
SU2153|||0.12|||
SU2154|0.11|||||
SU2160|2.94||15.13|||
SU2161|1.80||9.01|||
SU2162|3.75||4.43|||
SU2163|0.27||0.69|||
SU2164|0.58||1.46|||
SU2165|0.08||||0.08|
SU2168||||||0.05
SU2171|7.85||1.89|1.08|0.27|6.77
SU2172|4.08||0.53|0.35|0.35|4.26
SU2173|1.69|||0.39||3.51
SU2174|1.34|||||5.83
SU2175|0.33|||0.11|0.11|1.01
SU2176|8.27||1.97|1.57|3.15|2.75
SU2177|9.30||2.39|1.32|0.26|0.53
SU2178|0.68||0.49|0.09|0.49|
SU2179|1.37||0.10|||0.21
SU2180|0.81||0.32||0.32|0.32
SU2181|0.20|||||
SU2182|0.15||||0.07|
SU2183|||||0.30|
SU2185|||||0.26|
SU2187|27.29||26.77|||
SU2188|53.71||4.67|4.67|54.88|44.37
SU2189|4.75||0.59|0.29|2.67|2.97
SU2190|23.19||5.89|0.78|3.14|1.17
SU2191|15.26||6.60|0.82|4.12|3.30
SU2301|4.60||0.51||22.53|
SU2302|0.74||3.74||42.29|
SU2303|2.58||3.44||10.34|
SU2304|||||16.95|
SU2305|2.66||||19.11|
SU2325|0.39||||0.19|
SU2326|0.25||0.75||0.50|
SU2327|0.29||0.14||0.58|
SU2328|||||0.80|
SU2329|0.97|||||
SU2349|||||1.12|
SU2351|0.23|||||
SU2385|0.09|||||
SU2389|0.37|||||
SU2402|0.29||||0.14|
SU2406|0.09|||||
SU2601|3.73||5.87|0.53|3.73|
SU2602|5.79||2.53||0.36|
SU2603|45.44||22.72|||
SU2604|103.67||122.71|||
SU2605|282.49||490.20|||
SU2606|159.22||159.22||6.92|
SU2608|2.80||4.21||1.40|
SU2609|||||2.60|
SU2610|1.04|||||
SU2612|0.49||0.49|||
SU2613|0.37||0.37|||
SU2614|||0.67|||
SU2617|0.77||0.19|||
SU2618|2.64|||||
SU2619|1.05||0.79||0.52|
SU2620|0.10||0.21|||
SU2621|0.24||0.49|||
SU2624|0.36||||5.76|
SU2625|0.48||||2.90|0.48
SU2627|0.15|||||
SU2632|273.87||238.90||1.94|
SU2633|28.81||11.08||3.32|
SU2634|37.73||23.41|||
SU2635|46.80||49.22||0.80|
SU2636|7.13||2.92||0.64|
SU2637|85.36||78.25|||
SU2638|84.15||52.09||4.00|
SU2639|83.08||56.73||4.05|
SU2640|41.05||39.34||1.71|
SU2641|91.70||111.52|||
SU2642|138.38||96.86|||
SU2643|109.76||58.38||2.33|
SU2644|92.40||40.65|||
SU2645|120.35||71.11||10.94|
SU2646|5.44||0.68||3.40|
SU2647|9.10||3.30||4.96|
SU2648|328.84||293.86|6.99||
SU2649|3.04||3.04|||
SU2650|5.25||||1.05|
SU2651|8.85||3.79|||
SU2652|16.12||9.40||1.34|
SU2653|31.82||20.84|||
SU2654|32.55||6.85|2.56||
SU2655|99.59||49.79|||
SU2656|66.12||52.44|||
SU2657|123.18||90.02|||
SU2658|109.33||64.31|3.21|3.21|
SU2659|150.91||191.55|||
SU2660|96.96||88.53|||
SU2666|1.32|||||
SU2667|0.12|||||
SU2669|1.13||||0.90|
SU2671|0.28|||||
SU2901|||||0.45|0.12
SU2902||||||0.14
SU2903|||||0.08|
SU2904|1.05||||0.11|
SU2905|0.09|||||
SU2906|0.13|||||
SU2907|0.23||0.23||0.11|
SU2908|2.48||0.71||0.23|
SU2909|0.30||0.10|||
SU2914|2.36||0.16||5.06|
SU2915|1.52||0.13||1.79|
SU2916|0.34||0.34|||
SU2918|0.15|||||
SU2922|||||0.23|
SU2925|4.61||||8.31|
SU2926|1.39||||3.25|
SU2927|7.00||||16.11|
SU2928|1.86||0.31||3.73|0.62
SU2934|0.15|||||
SU2935|1.28|||||
SU2936|||||0.18|
SU2944|0.19||0.19|||
SU2945|0.16||0.08|||
SU2948|0.08||||0.04|
SU2950|||||0.72|
SU2951|0.27||||0.27|
SU2964|7.79||0.94||6.61|1.18
SU3000|0.03||||0.03|
SU3001||||||0.08
SU3002||||||0.06
SU3003|||||0.14|0.09
SU3004||||||0.17
SU3005||||||2.95
SU3006|||||0.04|0.38
SU3007|||||0.30|
SU3008|0.14|||0.14|1.16|0.72
SU3009|0.11||||0.11|0.59
SU3010|||||0.55|
SU3012|||||0.12|
SU3013|||0.08||0.43|
SU3014|0.12|||0.24||0.24
SU3015|0.13|||||0.46
SU3016|3.45||1.06||0.93|1.06
SU3017|0.88||0.29||0.29|
SU3018|5.13||1.84||0.79|1.18
SU3019|2.22||0.29||0.74|0.44
SU3020|0.15||||0.05|0.62
SU3021|2.78|||0.59|0.79|0.19
SU3023|0.24||||0.12|
SU3024|0.98||||0.58|
SU3025|0.20||0.10||0.05|
SU3026|0.18||0.06|||
SU3027|0.43|||||
SU3028|0.72||0.12||0.84|
SU3030|||||0.15|
SU3031|0.80|||||0.64
SU3032|0.12|||||0.50
SU3033|6.01||4.50|||
SU3034|8.16||5.28|||
SU3035|2.97||1.27||0.08|
SU3036|11.73||8.95|||
SU3037|12.58||7.55|||
SU3038|9.40||9.40|||
SU3039|7.80||5.01||0.27|
SU3040|3.95||4.13|||
SU3041|2.29||0.91||0.15|
SU3042|1.86||0.46|||
SU3043|1.00||0.33|||
SU3044|1.85||1.29|||
SU3045|0.77||0.38||0.09|
SU3046|0.33||0.37||0.04|
SU3047|0.07||0.18|||
SU3048|0.03||0.03|||
SU3050|0.03||0.03|||
SU3051|0.11|||||
SU3052|0.08|||||
SU3053|0.21||0.05|||
SU3054|0.35||||0.05|
SU3055|0.08||0.04|||
SU3056|0.16||0.10|||
SU3057|3.04||1.45|||
SU3058|4.92||0.21||0.21|
SU3059|0.04||0.02|||
SU3060|||0.02|||
SU3061|0.15||0.05|||
SU3063|0.03||0.03|||
SU3064|0.14|||||
SU3065|0.18|||||
SU3066|0.02|||||
SU3067|0.06||0.13|||
SU3068|||0.07|||
SU3069|1.57||0.70||0.94|
SU3070|3.24||2.75||3.56|
SU3071|8.63||6.80||10.99|
SU3072|6.53||2.97||9.21|
SU3073|13.65||5.74||8.62|
SU3074|12.41||12.41||13.18|
SU3075|8.43||4.38||9.11|
SU3076|3.29||2.47||1.44|
SU3077|2.05||0.63||0.63|
SU3078|0.34||0.11||0.34|
SU3079|0.42||0.06||0.42|
SU3080|0.25||||1.38|
SU3081|0.81||0.71||1.32|
SU3082|0.28||0.14||1.86|
SU3083|0.26||0.08||1.95|
SU3085|0.16||0.08|||
SU3086|0.13|||||
SU3087|0.28|||||
SU3088|4.12||1.28|||
SU3089|1.82||0.85||0.12|
SU3090|0.16|||||
SU3091|0.26|||||
SU3092|0.86||0.32|||
SU3093|0.77||0.15||0.46|
SU3094|0.83||0.99||0.33|
SU3095|0.19||||0.76|
SU3097|5.84||0.54|0.18||6.57
SU3098|6.38||1.79|0.79|0.59|0.39
SU3099|0.69||0.40|||
SU3100|1.72||0.49||0.73|3.93
